453365,4,0,2012-11-15 00:00:48,116.389,39.9389,0,50,1
453365,4,0,2012-11-15 00:01:44,116.39,39.9389,23,62,1
453365,4,0,2012-11-15 00:02:32,116.581,40.0782,41,180,1
453365,4,0,2012-11-15 00:02:39,116.396,39.9394,39,90,1
453365,4,0,2012-11-15 00:03:34,116.402,39.9395,0,88,1
453365,4,0,2012-11-15 00:04:27,116.402,39.9401,32,358,1
453365,4,0,2012-11-15 00:05:21,116.402,39.9444,39,358,1
453365,4,0,2012-11-15 00:06:15,116.402,39.9464,41,358,1
453365,4,0,2012-11-15 00:07:10,116.402,39.9533,49,358,1
453365,4,0,2012-11-15 00:08:04,116.402,39.9602,15,356,1
453365,4,0,2012-11-15 00:08:57,116.402,39.9632,56,358,1
453365,4,0,2012-11-15 00:09:51,116.401,39.9699,49,4,1
453365,4,0,2012-11-15 00:10:46,116.401,39.9752,0,356,1
453365,4,0,2012-11-15 00:11:41,116.401,39.9752,0,356,1
453365,4,0,2012-11-15 00:12:35,116.401,39.9806,45,0,1
453365,4,0,2012-11-15 00:13:28,116.401,39.9826,45,0,1
453365,4,0,2012-11-15 00:14:22,116.401,39.9906,62,0,1
453365,4,0,2012-11-15 00:15:15,116.401,39.993,0,10,1
453365,4,0,2012-11-15 00:16:10,116.398,39.9936,51,278,1
453365,4,0,2012-11-15 04:39:09,116.38,39.9894,51,176,1
453365,4,0,2012-11-15 04:39:35,116.381,39.9866,30,358,1
453365,4,0,2012-11-15 04:40:26,116.381,39.9949,45,356,1
453365,4,0,2012-11-15 04:41:20,116.385,39.9965,28,88,1
453365,4,0,2012-11-15 04:42:13,116.391,39.9967,34,88,1
453365,4,0,2012-11-15 04:43:07,116.395,39.9934,0,166,1
453365,4,0,2012-11-15 04:44:01,116.396,39.9933,39,88,1
453365,4,0,2012-11-15 04:44:57,116.397,39.9921,6,202,1
453365,4,0,2012-11-15 04:45:52,116.396,39.992,13,266,1
453365,4,0,2012-11-15 04:46:45,116.396,39.992,0,278,1
453365,4,0,2012-11-15 04:47:39,116.397,39.9927,0,338,1
453365,4,0,2012-11-15 04:48:33,116.396,39.9926,12,272,1
453365,4,0,2012-11-15 04:49:28,116.396,39.9923,0,256,1
453365,1,1,2012-11-15 04:49:44,116.396,39.9923,6,252,1
453365,4,1,2012-11-15 04:50:25,116.397,39.9926,8,102,1
453365,4,1,2012-11-15 04:51:19,116.4,39.9908,36,90,1
453365,4,1,2012-11-15 04:52:14,116.401,39.9859,26,298,1
453365,4,1,2012-11-15 04:53:08,116.408,39.9872,76,86,1
453365,4,1,2012-11-15 04:54:02,116.42,39.9875,73,88,1
453365,4,1,2012-11-15 04:54:57,116.433,39.9875,63,106,1
453365,4,1,2012-11-15 04:55:50,116.443,39.9831,75,130,1
453365,4,1,2012-11-15 04:56:45,116.453,39.9765,75,130,1
453365,4,1,2012-11-15 04:57:39,116.463,39.97,58,124,1
453365,4,1,2012-11-15 04:58:33,116.467,39.973,91,38,1
453365,4,1,2012-11-15 04:58:58,116.472,39.9775,97,40,1
453365,4,1,2012-11-15 04:59:49,116.483,39.9875,104,40,1
453365,4,1,2012-11-15 05:00:42,116.494,39.9975,97,40,1
453365,4,1,2012-11-15 05:01:36,116.505,40.0076,104,40,1
453365,4,1,2012-11-15 05:02:29,116.517,40.0163,82,60,1
453365,4,1,2012-11-15 05:03:24,116.533,40.022,102,64,1
453365,4,1,2012-11-15 05:04:17,116.548,40.0274,101,66,1
453365,4,1,2012-11-15 05:05:11,116.562,40.0326,82,64,1
453365,4,1,2012-11-15 05:06:06,116.578,40.0335,93,78,1
453365,4,1,2012-11-15 05:07:01,116.593,40.0331,80,122,1
453365,4,1,2012-11-15 05:07:57,116.603,40.0256,71,84,1
453365,4,1,2012-11-15 05:08:52,116.608,40.0356,86,24,1
453365,4,1,2012-11-15 05:09:46,116.61,40.0396,58,26,1
453365,4,1,2012-11-15 05:10:39,116.612,40.0483,75,22,1
453365,4,1,2012-11-15 05:11:32,116.611,40.0535,41,268,1
453365,4,0,2012-11-15 05:15:07,116.609,40.0477,63,144,1
453365,4,0,2012-11-15 05:16:02,116.607,40.0455,0,260,1
453365,4,0,2012-11-15 05:16:56,116.6,40.0455,39,288,1
453365,4,0,2012-11-15 05:17:52,116.594,40.0507,45,332,1
453365,4,0,2012-11-15 05:18:45,116.59,40.0546,43,352,1
453365,4,0,2012-11-15 05:19:39,116.583,40.0516,63,202,1
453365,4,0,2012-11-15 05:20:32,116.576,40.0447,76,218,1
453365,4,0,2012-11-15 05:21:26,116.568,40.0361,82,228,1
453365,4,0,2012-11-15 05:22:20,116.556,40.03,80,240,1
453365,4,0,2012-11-15 05:23:13,116.543,40.0257,84,246,1
453365,4,0,2012-11-15 05:24:06,116.53,40.021,86,244,1
453365,4,0,2012-11-15 05:25:00,116.516,40.0161,89,240,1
453365,4,0,2012-11-15 05:25:53,116.505,40.0081,88,220,1
453365,4,0,2012-11-15 05:26:47,116.495,39.999,84,220,1
453365,4,0,2012-11-15 05:27:41,116.485,39.9899,89,220,1
453365,4,0,2012-11-15 05:28:36,116.475,39.9808,88,220,1
453365,4,0,2012-11-15 05:29:29,116.465,39.9716,97,220,1
453365,4,0,2012-11-15 05:30:24,116.454,39.9617,91,220,1
453365,4,0,2012-11-15 05:31:23,116.444,39.953,69,220,1
453365,4,0,2012-11-15 05:32:17,116.44,39.9493,12,220,1
453365,4,0,2012-11-15 05:33:10,116.439,39.9479,28,218,1
453365,4,0,2012-11-15 05:34:12,116.438,39.9475,0,316,1
453365,4,0,2012-11-15 05:35:05,116.438,39.9475,0,316,1
453365,4,0,2012-11-15 05:35:59,116.438,39.9475,0,316,1
453365,4,0,2012-11-15 05:36:53,116.438,39.9476,0,316,1
453365,4,0,2012-11-15 05:37:47,116.438,39.9476,0,316,1
453365,4,0,2012-11-15 05:38:40,116.438,39.9476,0,316,1
453365,4,0,2012-11-15 05:39:34,116.438,39.9476,0,316,1
453365,4,0,2012-11-15 05:40:28,116.438,39.9476,0,316,1
453365,4,0,2012-11-15 05:41:22,116.438,39.9476,0,316,1
453365,4,0,2012-11-15 05:42:15,116.438,39.9476,0,316,1
453365,4,0,2012-11-15 05:43:09,116.438,39.9476,0,316,1
453365,4,0,2012-11-15 05:44:06,116.438,39.9476,0,316,1
453365,4,0,2012-11-15 05:44:59,116.438,39.9476,0,316,1
453365,4,0,2012-11-15 05:45:53,116.438,39.9476,0,316,1
453365,4,0,2012-11-15 05:46:47,116.438,39.9476,0,316,1
453365,4,0,2012-11-15 05:47:41,116.438,39.9476,0,316,1
453365,4,0,2012-11-15 05:48:35,116.438,39.9476,0,316,1
453365,4,0,2012-11-15 05:49:29,116.438,39.9476,0,316,1
453365,4,0,2012-11-15 05:50:22,116.438,39.9476,0,316,1
453365,4,0,2012-11-15 05:51:16,116.438,39.9476,0,316,1
453365,4,0,2012-11-15 05:52:09,116.438,39.9476,0,316,1
453365,4,0,2012-11-15 05:53:06,116.438,39.9476,0,316,1
453365,4,0,2012-11-15 05:54:00,116.438,39.9476,0,316,1
453365,4,0,2012-11-15 05:54:53,116.438,39.9476,0,316,1
453365,4,0,2012-11-15 05:55:48,116.438,39.9476,0,316,1
453365,4,0,2012-11-15 05:56:43,116.438,39.9476,0,316,1
453365,4,0,2012-11-15 05:57:37,116.438,39.9476,0,316,1
453365,4,0,2012-11-15 05:58:33,116.438,39.9476,0,316,1
453365,4,0,2012-11-15 05:59:30,116.438,39.9476,0,316,1
453365,4,0,2012-11-15 06:00:24,116.438,39.9476,0,316,1
453365,4,0,2012-11-15 06:01:17,116.438,39.9476,0,316,1
453365,4,0,2012-11-15 06:02:11,116.438,39.9476,0,316,1
453365,4,0,2012-11-15 06:03:06,116.438,39.9476,0,316,1
453365,4,0,2012-11-15 06:04:00,116.438,39.9476,0,316,1
453365,4,0,2012-11-15 06:04:54,116.438,39.9476,0,316,1
453365,4,0,2012-11-15 06:05:47,116.438,39.9476,0,316,1
453365,4,0,2012-11-15 06:06:41,116.438,39.9476,0,316,1
453365,4,0,2012-11-15 06:07:35,116.438,39.9476,0,316,1
453365,4,0,2012-11-15 06:08:29,116.438,39.9476,0,316,1
453365,4,0,2012-11-15 06:09:23,116.438,39.9476,0,316,1
453365,4,0,2012-11-15 06:10:16,116.438,39.9476,0,316,1
453365,4,0,2012-11-15 06:11:11,116.438,39.9476,0,316,1
453365,4,0,2012-11-15 06:12:05,116.438,39.9476,0,316,1
453365,4,0,2012-11-15 06:12:59,116.438,39.9476,0,316,1
453365,4,0,2012-11-15 06:13:39,116.39,39.9319,0,352,1
453365,4,0,2012-11-15 06:13:52,116.438,39.9476,0,316,1
453365,4,0,2012-11-15 06:14:48,116.438,39.9476,0,316,1
453365,4,0,2012-11-15 06:15:43,116.438,39.9476,0,316,1
453365,4,0,2012-11-15 06:16:36,116.438,39.9476,0,316,1
453365,4,0,2012-11-15 06:17:30,116.438,39.9476,0,316,1
453365,4,0,2012-11-15 06:18:26,116.438,39.9476,0,316,1
453365,4,0,2012-11-15 06:19:23,116.438,39.9476,0,316,1
453365,4,0,2012-11-15 06:20:19,116.438,39.9476,0,316,1
453365,4,0,2012-11-15 06:21:12,116.438,39.9476,0,316,1
453365,4,0,2012-11-15 06:22:07,116.438,39.9476,0,316,1
453365,4,0,2012-11-15 06:23:01,116.438,39.9476,0,316,1
453365,4,0,2012-11-15 06:23:54,116.438,39.9476,0,316,1
453365,4,0,2012-11-15 06:24:49,116.438,39.9476,0,46,1
453365,4,0,2012-11-15 06:25:43,116.438,39.9476,0,46,1
453365,4,0,2012-11-15 06:26:38,116.438,39.9476,0,46,1
453365,4,0,2012-11-15 06:27:32,116.438,39.9476,0,46,1
453365,4,0,2012-11-15 06:28:25,116.438,39.9476,0,46,1
453365,4,0,2012-11-15 06:29:20,116.438,39.9476,0,46,1
453365,4,0,2012-11-15 06:30:13,116.438,39.9476,0,46,1
453365,4,0,2012-11-15 06:31:07,116.438,39.9476,0,46,1
453365,4,0,2012-11-15 06:32:00,116.438,39.9476,0,46,1
453365,4,0,2012-11-15 06:32:24,116.385,39.932,39,86,1
453365,4,0,2012-11-15 06:32:55,116.439,39.9483,45,42,1
453365,4,0,2012-11-15 06:33:49,116.442,39.9495,0,110,1
453365,2,2,2012-11-15 06:33:51,116.442,39.9495,0,110,1
453365,4,2,2012-11-15 06:34:44,116.442,39.9495,0,110,1
453365,4,0,2012-11-15 06:35:24,116.442,39.9495,0,110,1
453365,4,0,2012-11-15 06:36:16,116.444,39.949,19,130,1
453365,4,0,2012-11-15 06:37:14,116.445,39.9495,23,310,1
453365,4,0,2012-11-15 06:38:13,116.445,39.9499,0,128,1
453365,2,2,2012-11-15 06:38:24,116.445,39.9499,0,128,1
453365,4,2,2012-11-15 06:38:33,116.445,39.9499,0,128,1
453365,2,2,2012-11-15 06:38:43,116.445,39.9499,0,128,1
453365,4,2,2012-11-15 06:38:53,116.445,39.9499,0,128,1
453365,2,2,2012-11-15 06:39:03,116.445,39.9499,0,128,1
453365,4,2,2012-11-15 06:39:57,116.445,39.9499,0,128,1
453365,4,2,2012-11-15 06:42:27,116.445,39.9499,0,128,1
453365,4,2,2012-11-15 06:43:17,116.445,39.9499,0,128,1
453365,4,2,2012-11-15 06:46:23,116.445,39.9499,0,128,1
453365,4,2,2012-11-15 06:47:14,116.445,39.9499,0,128,1
453365,4,2,2012-11-15 06:48:07,116.445,39.9499,0,128,1
453365,4,2,2012-11-15 06:49:01,116.445,39.95,0,128,1
453365,4,2,2012-11-15 06:51:22,116.445,39.95,0,128,1
453365,4,2,2012-11-15 06:52:12,116.445,39.95,0,128,1
453365,4,0,2012-11-15 06:55:10,116.444,39.9502,19,304,1
453365,3,0,2012-11-15 06:55:15,116.444,39.9504,19,306,1
453365,4,0,2012-11-15 06:56:05,116.443,39.9513,10,36,1
453365,1,1,2012-11-15 06:56:06,116.443,39.9513,12,38,1
453365,0,0,2012-11-15 06:56:11,116.443,39.9514,0,42,1
453365,4,0,2012-11-15 06:56:59,116.446,39.9517,34,132,1
453365,4,0,2012-11-15 06:57:54,116.449,39.9491,36,180,1
453365,4,0,2012-11-15 06:58:48,116.446,39.9466,26,260,1
453365,1,1,2012-11-15 06:59:04,116.446,39.9465,23,262,1
453365,4,1,2012-11-15 06:59:43,116.441,39.9482,41,310,1
453365,4,1,2012-11-15 07:00:37,116.439,39.9498,6,312,1
453365,4,1,2012-11-15 07:01:33,116.438,39.9505,4,6,1
453365,4,1,2012-11-15 07:02:26,116.437,39.9519,17,256,1
453365,4,1,2012-11-15 07:03:19,116.434,39.9517,0,240,1
453365,4,1,2012-11-15 07:04:14,116.434,39.9533,0,338,1
453365,4,1,2012-11-15 07:05:10,116.43,39.9533,0,266,1
453365,4,1,2012-11-15 07:06:03,116.428,39.9534,28,0,1
453365,4,1,2012-11-15 07:06:59,116.429,39.9577,12,12,1
453365,4,1,2012-11-15 07:07:53,116.428,39.9582,23,266,1
453365,0,0,2012-11-15 07:08:30,116.425,39.9582,28,268,1
453365,4,0,2012-11-15 07:08:46,116.424,39.9582,19,270,1
453365,4,0,2012-11-15 07:09:41,116.422,39.9581,4,268,1
453365,4,0,2012-11-15 07:10:36,116.417,39.958,45,268,1
453365,4,0,2012-11-15 07:11:29,116.414,39.958,0,270,1
453365,4,0,2012-11-15 07:12:22,116.414,39.9579,17,268,1
453365,4,0,2012-11-15 07:13:15,116.412,39.9614,51,356,1
453365,4,0,2012-11-15 07:14:09,116.412,39.9668,0,348,1
453365,4,0,2012-11-15 07:15:36,116.412,39.9736,0,356,1
453365,4,0,2012-11-15 07:16:29,116.411,39.9752,0,356,1
453365,4,0,2012-11-15 07:17:24,116.411,39.9752,0,356,1
453365,4,0,2012-11-15 07:18:53,116.411,39.9789,41,2,1
453365,1,1,2012-11-15 07:19:22,116.411,39.9809,21,354,1
453365,4,1,2012-11-15 07:19:46,116.411,39.9818,0,0,1
453365,4,1,2012-11-15 07:20:41,116.411,39.9817,0,282,1
453365,4,1,2012-11-15 07:21:34,116.411,39.9846,26,0,1
453365,4,1,2012-11-15 07:22:29,116.413,39.9873,28,86,1
453365,4,1,2012-11-15 07:23:26,116.424,39.9876,52,88,1
453365,4,1,2012-11-15 07:24:21,116.432,39.9875,32,106,1
453365,4,1,2012-11-15 07:25:18,116.436,39.9855,36,102,1
453365,4,1,2012-11-15 07:26:12,116.439,39.9887,19,20,1
453365,4,1,2012-11-15 07:27:05,116.442,39.9938,21,78,1
453365,4,1,2012-11-15 07:28:00,116.447,39.9948,0,72,1
453365,4,1,2012-11-15 07:28:53,116.447,39.9956,28,66,1
453365,4,1,2012-11-15 07:29:48,116.45,39.9956,10,88,1
453365,4,1,2012-11-15 07:30:42,116.45,39.9956,0,86,1
453365,4,1,2012-11-15 07:31:36,116.45,39.9956,6,90,1
453365,4,1,2012-11-15 07:32:29,116.455,39.9957,8,88,1
453365,4,1,2012-11-15 07:33:22,116.456,39.9958,0,88,1
453365,4,1,2012-11-15 07:34:15,116.461,39.9958,0,88,1
453365,4,1,2012-11-15 07:35:11,116.463,39.9964,28,40,1
453365,4,1,2012-11-15 07:36:05,116.465,39.9983,0,36,1
453365,4,1,2012-11-15 07:36:59,116.469,40.0006,39,84,1
453365,0,0,2012-11-15 07:37:42,116.472,40.0007,0,88,1
453365,4,0,2012-11-15 07:37:54,116.472,40.0007,0,88,1
453365,4,0,2012-11-15 07:38:44,116.474,40.0007,0,96,1
453365,4,0,2012-11-15 07:39:40,116.473,40.0008,12,264,1
453365,4,0,2012-11-15 07:40:33,116.473,39.9996,0,166,1
453365,4,0,2012-11-15 07:41:28,116.473,39.9975,25,150,1
453365,1,1,2012-11-15 07:42:02,116.475,39.9967,19,116,1
453365,4,1,2012-11-15 07:42:22,116.477,39.9954,47,150,1
453365,4,1,2012-11-15 07:43:15,116.478,39.9926,47,194,1
453365,4,1,2012-11-15 07:44:12,116.474,39.9892,45,218,1
453365,4,1,2012-11-15 07:45:06,116.472,39.9873,0,234,1
453365,4,1,2012-11-15 07:46:03,116.472,39.9873,0,234,1
453365,4,1,2012-11-15 07:46:57,116.469,39.9849,26,226,1
453365,4,1,2012-11-15 07:47:52,116.467,39.983,0,220,1
453365,4,1,2012-11-15 07:48:47,116.467,39.9822,32,128,1
453365,4,1,2012-11-15 07:49:41,116.471,39.9793,6,124,1
453365,4,1,2012-11-15 07:50:35,116.468,39.9757,69,220,1
453365,4,1,2012-11-15 07:51:30,116.462,39.9701,26,220,1
453365,4,1,2012-11-15 07:52:25,116.463,39.9699,43,130,1
453365,4,1,2012-11-15 07:53:20,116.47,39.9655,54,130,1
453365,4,1,2012-11-15 07:54:15,116.478,39.9602,65,134,1
453365,4,1,2012-11-15 07:55:09,116.483,39.9513,65,172,1
453365,4,1,2012-11-15 07:56:02,116.484,39.9424,69,180,1
453365,4,1,2012-11-15 07:56:56,116.484,39.9332,63,180,1
453365,4,1,2012-11-15 07:57:50,116.484,39.9254,49,182,1
453365,4,1,2012-11-15 07:58:44,116.483,39.9188,65,180,1
453365,4,1,2012-11-15 07:59:38,116.483,39.9148,0,178,1
453365,4,1,2012-11-15 08:00:31,116.483,39.9148,0,178,1
453365,4,1,2012-11-15 08:01:27,116.483,39.9141,6,268,1
453365,4,1,2012-11-15 08:02:21,116.489,39.9144,0,102,1
453365,4,1,2012-11-15 08:03:14,116.496,39.9145,62,88,1
453365,4,1,2012-11-15 08:04:08,116.504,39.9147,56,88,1
453365,4,1,2012-11-15 08:05:02,116.51,39.9151,51,84,1
453365,4,1,2012-11-15 08:05:55,116.512,39.9153,0,80,1
453365,4,1,2012-11-15 08:06:50,116.513,39.9153,36,82,1
453365,4,1,2012-11-15 08:07:42,116.515,39.9156,0,78,1
453365,4,1,2012-11-15 08:08:38,116.515,39.9156,0,78,1
453365,4,1,2012-11-15 08:09:33,116.516,39.9157,34,80,1
453365,4,1,2012-11-15 08:10:27,116.52,39.916,0,84,1
453365,4,1,2012-11-15 08:11:22,116.521,39.916,36,94,1
453365,4,1,2012-11-15 08:12:17,116.529,39.9153,54,94,1
453365,4,1,2012-11-15 08:13:10,116.535,39.9142,34,176,1
453365,0,0,2012-11-15 08:13:49,116.535,39.9096,8,176,1
453365,4,0,2012-11-15 08:14:05,116.535,39.9096,0,178,1
453365,4,0,2012-11-15 08:15:02,116.535,39.9091,8,224,1
453365,4,0,2012-11-15 08:15:56,116.53,39.9085,32,270,1
453365,4,0,2012-11-15 08:16:49,116.527,39.9086,0,274,1
453365,4,0,2012-11-15 08:17:43,116.526,39.9086,0,270,1
453365,4,0,2012-11-15 08:19:19,116.526,39.9086,0,274,1
453365,4,0,2012-11-15 08:20:13,116.524,39.9086,0,264,1
453365,4,0,2012-11-15 08:21:07,116.524,39.9086,0,264,1
453365,4,0,2012-11-15 08:22:20,116.522,39.9086,6,260,1
453365,1,1,2012-11-15 08:22:44,116.522,39.9085,8,260,1
453365,4,1,2012-11-15 08:23:16,116.521,39.9085,10,260,1
453365,4,1,2012-11-15 08:24:10,116.52,39.9083,0,260,1
453365,4,1,2012-11-15 08:25:04,116.519,39.9081,6,256,1
453365,4,1,2012-11-15 08:25:57,116.518,39.9079,15,254,1
453365,4,1,2012-11-15 08:26:52,116.516,39.9075,12,252,1
453365,4,1,2012-11-15 08:27:46,116.514,39.9071,0,252,1
453365,4,1,2012-11-15 08:28:41,116.512,39.9068,17,270,1
453365,4,1,2012-11-15 08:29:36,116.507,39.9069,43,270,1
453365,4,1,2012-11-15 08:30:30,116.503,39.9069,12,270,1
453365,4,1,2012-11-15 08:31:25,116.501,39.9069,6,270,1
453365,4,1,2012-11-15 08:32:19,116.5,39.9069,8,270,1
453365,4,1,2012-11-15 08:33:12,116.499,39.907,8,270,1
453365,4,1,2012-11-15 08:34:06,116.497,39.9069,15,270,1
453365,4,1,2012-11-15 08:35:00,116.492,39.907,54,270,1
453365,4,1,2012-11-15 08:35:55,116.483,39.9074,49,232,1
453365,4,1,2012-11-15 08:36:48,116.477,39.9042,62,264,1
453365,4,1,2012-11-15 08:37:43,116.467,39.9037,8,268,1
453365,4,1,2012-11-15 08:38:38,116.465,39.9037,0,266,1
453365,4,1,2012-11-15 08:39:31,116.464,39.9036,25,266,1
453365,4,1,2012-11-15 08:40:26,116.462,39.9035,4,264,1
453365,4,1,2012-11-15 08:41:20,116.458,39.9033,12,264,1
453365,4,1,2012-11-15 08:42:13,116.454,39.903,26,264,1
453365,4,1,2012-11-15 08:43:09,116.444,39.9024,76,266,1
453365,4,1,2012-11-15 08:44:03,116.437,39.8985,60,174,1
453365,4,1,2012-11-15 08:44:56,116.437,39.8928,38,178,1
453365,4,1,2012-11-15 08:45:53,116.433,39.8924,28,268,1
453365,4,1,2012-11-15 08:46:47,116.428,39.8925,21,268,1
453365,4,1,2012-11-15 08:48:14,116.423,39.8924,23,274,1
453365,4,1,2012-11-15 08:49:07,116.422,39.8923,0,270,1
453365,4,1,2012-11-15 08:50:02,116.421,39.8922,39,264,1
453365,4,1,2012-11-15 08:50:56,116.415,39.892,30,264,1
453365,4,1,2012-11-15 08:51:52,116.413,39.8918,0,276,1
453365,4,1,2012-11-15 08:52:46,116.413,39.8918,0,276,1
453365,4,1,2012-11-15 08:53:41,116.412,39.8918,38,260,1
453365,4,1,2012-11-15 08:54:34,116.402,39.8915,51,266,1
453365,4,1,2012-11-15 08:56:23,116.39,39.8895,23,248,1
453365,4,1,2012-11-15 08:57:17,116.386,39.8886,54,262,1
453365,4,1,2012-11-15 08:58:13,116.379,39.8882,0,266,1
453365,4,1,2012-11-15 08:59:08,116.379,39.8882,25,266,1
453365,4,1,2012-11-15 09:00:02,116.372,39.888,49,270,1
453365,4,1,2012-11-15 09:00:55,116.368,39.8905,54,358,1
453365,0,0,2012-11-15 09:01:20,116.368,39.8934,19,354,1
453365,4,0,2012-11-15 09:01:50,116.368,39.8938,0,56,1
453365,1,1,2012-11-15 09:02:38,116.368,39.8938,0,26,1
453365,4,1,2012-11-15 09:02:45,116.368,39.8939,15,0,1
453365,4,1,2012-11-15 09:03:35,116.368,39.8969,28,356,1
453365,4,1,2012-11-15 09:04:31,116.376,39.8987,25,90,1
453365,4,1,2012-11-15 09:05:25,116.38,39.8988,49,88,1
453365,4,1,2012-11-15 09:06:19,116.384,39.8991,15,86,1
453365,4,1,2012-11-15 09:07:13,116.388,39.899,8,96,1
453365,4,1,2012-11-15 09:08:08,116.388,39.8989,0,92,1
453365,4,1,2012-11-15 09:09:03,116.388,39.8989,0,98,1
453365,4,1,2012-11-15 09:10:01,116.392,39.8988,0,82,1
453365,4,1,2012-11-15 09:10:56,116.392,39.8988,0,82,1
453365,4,1,2012-11-15 09:11:50,116.392,39.8988,0,82,1
453365,4,1,2012-11-15 09:12:47,116.393,39.9009,41,356,1
453365,4,1,2012-11-15 09:13:43,116.393,39.9052,0,0,1
453365,4,1,2012-11-15 09:14:36,116.396,39.9064,0,92,1
453365,4,1,2012-11-15 09:15:29,116.397,39.9064,8,86,1
453365,4,1,2012-11-15 09:16:24,116.403,39.9066,56,86,1
453365,4,1,2012-11-15 09:17:17,116.409,39.9069,0,104,1
453365,4,1,2012-11-15 09:18:11,116.41,39.9069,15,86,1
453365,4,1,2012-11-15 09:19:06,116.419,39.907,65,88,1
453365,4,1,2012-11-15 09:20:00,116.43,39.9072,39,90,1
453365,4,1,2012-11-15 09:20:58,116.438,39.9071,30,88,1
453365,4,1,2012-11-15 09:21:53,116.442,39.9071,47,90,1
453365,4,1,2012-11-15 09:23:37,116.454,39.9067,10,76,1
453365,4,1,2012-11-15 09:24:33,116.453,39.9078,30,90,1
453365,0,0,2012-11-15 09:25:10,116.455,39.9087,32,26,1
453365,4,0,2012-11-15 09:25:29,116.455,39.9097,19,350,1
453365,4,0,2012-11-15 09:27:18,116.454,39.9078,32,266,1
453365,4,0,2012-11-15 09:28:24,116.452,39.9106,23,290,1
453365,4,0,2012-11-15 09:28:29,116.451,39.9107,26,288,1
453365,4,0,2012-11-15 09:29:19,116.451,39.9114,0,98,1
453365,4,0,2012-11-15 09:30:13,116.448,39.9124,36,272,1
453365,4,0,2012-11-15 09:31:06,116.447,39.9123,13,290,1
453365,4,0,2012-11-15 09:32:01,116.444,39.9124,32,358,1
453365,4,0,2012-11-15 09:33:35,116.444,39.9206,0,358,1
453365,4,0,2012-11-15 09:34:26,116.444,39.9206,0,358,1
453365,4,0,2012-11-15 09:35:22,116.444,39.9206,0,358,1
453365,4,0,2012-11-15 09:36:18,116.444,39.9221,38,356,1
453365,4,0,2012-11-15 09:37:16,116.444,39.9261,43,358,1
453365,4,0,2012-11-15 09:38:13,116.444,39.9315,0,312,1
453365,4,0,2012-11-15 09:39:07,116.444,39.9333,39,0,1
453365,4,0,2012-11-15 09:40:00,116.444,39.9378,32,0,1
453365,4,0,2012-11-15 09:40:54,116.444,39.9429,0,0,1
453365,4,0,2012-11-15 09:41:45,116.444,39.9457,38,356,1
453365,4,0,2012-11-15 09:42:38,116.443,39.9473,0,308,1
453365,4,0,2012-11-15 09:43:31,116.439,39.9494,32,310,1
453365,4,0,2012-11-15 09:44:25,116.439,39.9497,0,308,1
453365,4,0,2012-11-15 09:45:18,116.439,39.9494,0,148,1
453365,4,0,2012-11-15 09:46:13,116.439,39.9494,0,134,1
453365,4,0,2012-11-15 09:47:06,116.439,39.9494,0,134,1
453365,4,0,2012-11-15 09:48:01,116.441,39.9484,51,130,1
453365,4,0,2012-11-15 09:48:54,116.443,39.947,13,130,1
453365,4,0,2012-11-15 09:49:48,116.444,39.9463,21,72,1
453365,4,0,2012-11-15 09:50:41,116.448,39.9469,6,74,1
453365,4,0,2012-11-15 09:51:37,116.448,39.9473,0,148,1
453365,3,0,2012-11-15 09:52:29,116.448,39.9474,0,248,1
453365,4,0,2012-11-15 09:53:22,116.448,39.9474,0,248,1
453365,4,0,2012-11-15 09:54:16,116.448,39.9474,0,352,1
453365,4,0,2012-11-15 09:55:10,116.448,39.9475,0,332,1
453365,4,0,2012-11-15 09:56:05,116.448,39.9475,0,332,1
453365,4,0,2012-11-15 09:56:59,116.448,39.9475,0,332,1
453365,4,0,2012-11-15 09:57:53,116.448,39.9476,0,258,1
453365,4,0,2012-11-15 09:58:47,116.448,39.9477,0,258,1
453365,4,0,2012-11-15 09:59:40,116.448,39.9473,8,172,1
453365,4,0,2012-11-15 10:00:34,116.449,39.9471,0,80,1
453365,4,0,2012-11-15 10:01:28,116.454,39.9478,52,130,1
453365,4,0,2012-11-15 10:02:20,116.455,39.9478,0,78,1
453365,4,0,2012-11-15 10:03:16,116.455,39.9479,23,60,1
453365,4,0,2012-11-15 10:04:10,116.454,39.9533,15,18,1
453365,4,0,2012-11-15 10:05:04,116.456,39.9552,0,38,1
453365,4,0,2012-11-15 10:05:57,116.457,39.9563,0,66,1
453365,4,0,2012-11-15 10:06:54,116.457,39.9563,0,66,1
453365,4,0,2012-11-15 10:07:51,116.459,39.9579,0,32,1
453365,4,0,2012-11-15 10:08:45,116.46,39.9585,19,50,1
453365,4,0,2012-11-15 10:09:41,116.461,39.96,39,40,1
453365,4,0,2012-11-15 10:10:35,116.463,39.9617,15,208,1
453365,4,0,2012-11-15 10:11:31,116.462,39.9607,15,220,1
453365,4,0,2012-11-15 10:12:26,116.46,39.9592,0,218,1
453365,4,0,2012-11-15 10:13:19,116.46,39.9586,12,216,1
453365,4,0,2012-11-15 10:14:13,116.456,39.9557,0,226,1
453365,4,0,2012-11-15 10:15:08,116.455,39.9541,0,224,1
453365,4,0,2012-11-15 10:16:03,116.451,39.9549,43,308,1
453365,4,0,2012-11-15 10:16:58,116.45,39.9557,4,310,1
453365,4,0,2012-11-15 10:17:50,116.449,39.9562,13,310,1
453365,4,0,2012-11-15 10:18:45,116.448,39.9568,21,310,1
453365,4,0,2012-11-15 10:19:40,116.446,39.9585,26,312,1
453365,4,0,2012-11-15 10:20:33,116.442,39.9607,19,310,1
453365,4,0,2012-11-15 10:21:29,116.442,39.9612,0,314,1
453365,4,0,2012-11-15 10:22:24,116.439,39.963,47,308,1
453365,4,0,2012-11-15 10:23:21,116.434,39.9664,43,314,1
453365,4,0,2012-11-15 10:24:20,116.427,39.9685,43,264,1
453365,4,0,2012-11-15 10:25:14,116.421,39.9685,28,264,1
453365,4,0,2012-11-15 10:26:07,116.423,39.9678,30,90,1
453365,4,0,2012-11-15 10:27:01,116.427,39.968,51,86,1
453365,1,1,2012-11-15 10:27:49,116.432,39.967,0,134,1
453365,4,1,2012-11-15 10:27:56,116.432,39.9669,25,128,1
453365,4,1,2012-11-15 10:28:46,116.437,39.9639,28,128,1
453365,4,1,2012-11-15 10:29:42,116.44,39.9618,32,130,1
453365,4,1,2012-11-15 10:30:36,116.445,39.9585,25,130,1
453365,4,1,2012-11-15 10:31:31,116.447,39.9567,19,128,1
453365,4,1,2012-11-15 10:32:24,116.45,39.955,15,132,1
453365,4,1,2012-11-15 10:33:17,116.452,39.9522,30,218,1
453365,4,1,2012-11-15 10:34:12,116.451,39.9508,0,232,1
453365,0,0,2012-11-15 10:34:36,116.451,39.9508,0,232,1
453365,4,0,2012-11-15 10:35:09,116.45,39.9502,12,216,1
453365,4,0,2012-11-15 10:36:02,116.451,39.9506,17,32,1
453365,4,0,2012-11-15 10:36:54,116.453,39.9525,19,42,1
453365,4,0,2012-11-15 10:37:48,116.455,39.9491,49,178,1
453365,4,0,2012-11-15 10:38:42,116.45,39.9472,6,266,1
453365,4,0,2012-11-15 10:39:37,116.447,39.9468,45,256,1
453365,4,0,2012-11-15 10:40:31,116.443,39.9473,0,320,1
453365,1,1,2012-11-15 10:40:34,116.443,39.9473,0,320,1
453365,4,1,2012-11-15 10:41:27,116.439,39.9498,17,310,1
453365,4,1,2012-11-15 10:42:22,116.438,39.9519,4,342,1
453365,4,1,2012-11-15 10:43:16,116.438,39.9537,0,344,1
453365,4,1,2012-11-15 10:44:09,116.436,39.9536,32,266,1
453365,4,1,2012-11-15 10:45:40,116.433,39.9554,30,4,1
453365,4,1,2012-11-15 10:46:30,116.433,39.958,0,88,1
453365,0,0,2012-11-15 10:47:15,116.433,39.9583,13,314,1
453365,4,0,2012-11-15 10:47:24,116.433,39.9583,0,286,1
453365,4,0,2012-11-15 10:48:14,116.431,39.9583,26,268,1
453365,4,0,2012-11-15 10:49:30,116.43,39.9611,15,32,1
453365,4,0,2012-11-15 10:50:26,116.43,39.9635,19,356,1
453365,4,0,2012-11-15 10:51:19,116.43,39.9665,25,358,1
453365,4,0,2012-11-15 10:52:13,116.432,39.9669,34,130,1
453365,4,0,2012-11-15 10:53:08,116.433,39.9664,0,132,1
453365,4,0,2012-11-15 10:54:03,116.433,39.9664,0,126,1
453365,1,1,2012-11-15 10:54:16,116.433,39.9663,0,136,1
453365,4,1,2012-11-15 10:55:00,116.437,39.9638,63,134,1
453365,4,1,2012-11-15 10:55:59,116.446,39.9577,56,132,1
453365,4,1,2012-11-15 10:56:54,116.451,39.9544,41,130,1
453365,4,1,2012-11-15 10:57:48,116.455,39.9497,28,178,1
453365,4,1,2012-11-15 10:58:44,116.455,39.9436,60,180,1
453365,4,1,2012-11-15 10:59:38,116.455,39.9374,15,180,1
453365,4,1,2012-11-15 11:00:35,116.455,39.9342,0,180,1
453365,4,1,2012-11-15 11:01:36,116.455,39.9338,0,184,1
453365,4,1,2012-11-15 11:02:30,116.455,39.9327,12,184,1
453365,4,1,2012-11-15 11:03:24,116.46,39.9324,10,76,1
453365,4,1,2012-11-15 11:04:19,116.459,39.9324,41,266,1
453365,4,1,2012-11-15 11:05:15,116.457,39.9324,0,270,1
453365,4,1,2012-11-15 11:06:11,116.457,39.9324,0,270,1
453365,4,1,2012-11-15 11:07:04,116.457,39.9324,0,270,1
453365,4,1,2012-11-15 11:07:57,116.456,39.9324,21,266,1
453365,4,1,2012-11-15 11:08:52,116.455,39.9281,36,180,1
453365,0,0,2012-11-15 11:09:18,116.455,39.9259,0,178,1
453365,4,0,2012-11-15 11:09:46,116.455,39.9255,28,172,1
453365,4,0,2012-11-15 11:10:40,116.455,39.9223,2,158,1
453365,1,1,2012-11-15 11:11:18,116.456,39.9233,0,6,1
453365,4,1,2012-11-15 11:11:33,116.456,39.9245,23,0,1
453365,4,1,2012-11-15 11:12:23,116.457,39.9275,10,82,1
453365,4,1,2012-11-15 11:13:21,116.461,39.9282,25,70,1
453365,0,0,2012-11-15 11:13:27,116.462,39.9283,0,82,1
453365,4,0,2012-11-15 11:14:16,116.462,39.9283,0,58,1
453365,1,1,2012-11-15 11:14:20,116.462,39.9283,0,58,1
453365,4,1,2012-11-15 11:15:10,116.461,39.9281,0,252,1
453365,4,1,2012-11-15 11:16:04,116.461,39.9273,21,178,1
453365,4,1,2012-11-15 11:16:58,116.461,39.923,28,182,1
453365,4,1,2012-11-15 11:17:52,116.461,39.9222,0,88,1
453365,4,1,2012-11-15 11:18:45,116.461,39.9213,21,80,1
453365,4,1,2012-11-15 11:19:40,116.462,39.9213,0,76,1
453365,4,1,2012-11-15 11:20:34,116.462,39.9213,0,76,1
453365,0,0,2012-11-15 11:20:41,116.462,39.9213,0,76,1
453365,4,0,2012-11-15 11:21:28,116.463,39.922,34,274,1
453365,4,0,2012-11-15 11:22:22,116.457,39.9221,13,274,1
453365,4,0,2012-11-15 11:23:15,116.456,39.9246,28,12,1
453365,1,1,2012-11-15 11:23:32,116.456,39.9248,0,308,1
453365,4,1,2012-11-15 11:24:08,116.456,39.9274,38,2,1
453365,4,1,2012-11-15 11:25:01,116.456,39.9317,21,0,1
453365,4,1,2012-11-15 11:25:56,116.456,39.9354,28,0,1
453365,4,1,2012-11-15 11:26:50,116.456,39.9396,23,356,1
453365,4,1,2012-11-15 11:27:45,116.456,39.943,26,358,1
453365,4,1,2012-11-15 11:28:40,116.456,39.9486,49,358,1
453365,4,1,2012-11-15 11:29:40,116.45,39.9552,39,308,1
453365,4,1,2012-11-15 11:30:35,116.447,39.9578,0,320,1
453365,4,1,2012-11-15 11:31:00,116.446,39.9583,8,306,1
453365,4,1,2012-11-15 11:31:50,116.445,39.9587,19,300,1
453365,4,1,2012-11-15 11:33:38,116.444,39.9644,49,40,1
453365,4,1,2012-11-15 11:35:28,116.444,39.9696,54,314,1
453365,4,1,2012-11-15 11:36:23,116.441,39.9711,10,348,1
453365,0,0,2012-11-15 11:37:06,116.442,39.972,0,46,1
453365,4,0,2012-11-15 11:37:22,116.442,39.972,0,46,1
453365,4,0,2012-11-15 11:38:12,116.443,39.9737,34,36,1
453365,4,0,2012-11-15 11:39:07,116.44,39.97,56,218,1
453365,4,0,2012-11-15 11:40:03,116.434,39.966,26,218,1
453365,4,0,2012-11-15 11:40:58,116.43,39.968,30,292,1
453365,4,0,2012-11-15 11:41:54,116.428,39.9726,56,4,1
453365,4,0,2012-11-15 11:42:50,116.435,39.9747,26,98,1
453365,4,0,2012-11-15 11:43:46,116.436,39.9744,0,284,1
453365,3,0,2012-11-15 11:43:48,116.436,39.9744,0,284,1
453365,4,0,2012-11-15 11:44:41,116.436,39.9744,0,284,1
453365,4,0,2012-11-15 11:45:34,116.436,39.9744,0,284,1
453365,4,0,2012-11-15 11:46:28,116.436,39.9746,12,94,1
453365,4,0,2012-11-15 11:47:23,116.437,39.9716,30,178,1
453365,4,0,2012-11-15 11:48:20,116.435,39.9689,26,228,1
453365,4,0,2012-11-15 11:49:17,116.433,39.9669,0,244,1
453365,4,0,2012-11-15 11:50:11,116.427,39.9685,41,268,1
453365,4,0,2012-11-15 11:51:05,116.423,39.9683,12,244,1
453365,4,0,2012-11-15 11:52:13,116.424,39.9672,32,80,1
453365,4,0,2012-11-15 11:53:07,116.431,39.9675,51,116,1
453365,4,0,2012-11-15 11:54:00,116.433,39.9664,0,132,1
453365,4,0,2012-11-15 11:54:57,116.433,39.9664,0,132,1
453365,4,0,2012-11-15 11:55:52,116.433,39.9664,0,132,1
453365,4,0,2012-11-15 11:56:48,116.433,39.9664,0,132,1
453365,1,1,2012-11-15 11:57:02,116.433,39.9664,0,126,1
453365,4,1,2012-11-15 11:57:43,116.437,39.9638,45,130,1
453365,4,1,2012-11-15 11:58:38,116.44,39.9616,12,128,1
453365,4,1,2012-11-15 11:59:31,116.437,39.9584,26,264,1
453365,4,1,2012-11-15 12:00:25,116.432,39.9583,49,272,1
453365,4,1,2012-11-15 12:01:19,116.426,39.9581,0,278,1
453365,4,1,2012-11-15 12:02:14,116.426,39.9581,0,330,1
453365,4,1,2012-11-15 12:03:08,116.426,39.9574,19,168,1
453365,4,1,2012-11-15 12:04:02,116.426,39.9536,17,172,1
453365,4,1,2012-11-15 12:04:59,116.426,39.9522,19,192,1
453365,4,1,2012-11-15 12:05:53,116.426,39.9489,28,200,1
453365,4,1,2012-11-15 12:06:46,116.419,39.9484,4,276,1
453365,4,1,2012-11-15 12:07:39,116.419,39.9484,38,266,1
453365,4,1,2012-11-15 12:08:34,116.412,39.948,49,266,1
453365,4,1,2012-11-15 12:09:29,116.401,39.9477,63,268,1
453365,4,1,2012-11-15 12:10:23,116.39,39.9477,58,268,1
453365,4,1,2012-11-15 12:11:20,116.378,39.9475,67,268,1
453365,4,1,2012-11-15 12:12:16,116.366,39.9473,52,264,1
453365,4,1,2012-11-15 12:13:09,116.358,39.9448,41,248,1
453365,4,1,2012-11-15 12:14:01,116.351,39.9428,36,250,1
453365,4,1,2012-11-15 12:14:57,116.349,39.9403,30,176,1
453365,4,1,2012-11-15 12:15:52,116.343,39.9385,26,274,1
453365,0,0,2012-11-15 12:15:57,116.343,39.9386,0,264,1
453365,4,0,2012-11-15 12:16:46,116.343,39.9385,0,264,1
453365,4,0,2012-11-15 12:17:42,116.341,39.9379,38,246,1
453365,4,0,2012-11-15 12:18:36,116.343,39.9382,32,66,1
453365,4,0,2012-11-15 12:19:31,116.349,39.9391,39,44,1
453365,4,0,2012-11-15 12:20:27,116.354,39.9436,49,70,1
453365,4,0,2012-11-15 12:21:20,116.362,39.9461,38,60,1
453365,4,0,2012-11-15 12:22:15,116.366,39.9469,6,82,1
453365,4,0,2012-11-15 12:23:12,116.366,39.9469,0,104,1
453365,4,0,2012-11-15 12:24:07,116.366,39.9469,0,108,1
453365,4,0,2012-11-15 12:24:59,116.366,39.9494,0,352,1
453365,4,0,2012-11-15 12:25:54,116.365,39.9515,56,356,1
453365,4,0,2012-11-15 12:26:49,116.365,39.954,4,354,1
453365,4,0,2012-11-15 12:27:42,116.365,39.9563,0,358,1
453365,4,0,2012-11-15 12:28:37,116.364,39.9604,17,352,1
453365,4,0,2012-11-15 12:29:32,116.364,39.9654,38,354,1
453365,4,0,2012-11-15 12:30:27,116.364,39.966,0,358,1
453365,4,0,2012-11-15 12:31:19,116.369,39.9665,41,88,1
453365,4,0,2012-11-15 12:32:12,116.374,39.9666,38,86,1
453365,4,0,2012-11-15 12:33:06,116.381,39.9668,51,90,1
453365,4,0,2012-11-15 12:33:59,116.388,39.9669,39,86,1
453365,4,0,2012-11-15 12:34:55,116.393,39.9671,0,70,1
453365,4,0,2012-11-15 12:35:50,116.4,39.9673,54,88,1
453365,4,0,2012-11-15 12:36:44,116.406,39.9674,25,82,1
453365,4,0,2012-11-15 12:37:39,116.411,39.9676,0,66,1
453365,4,0,2012-11-15 12:38:33,116.411,39.9675,38,88,1
453365,4,0,2012-11-15 12:39:28,116.418,39.9677,0,88,1
453365,4,0,2012-11-15 12:40:23,116.421,39.9678,41,88,1
453365,4,0,2012-11-15 12:41:19,116.428,39.968,45,92,1
453365,4,0,2012-11-15 12:42:14,116.433,39.9664,0,164,1
453365,4,0,2012-11-15 12:43:09,116.433,39.9664,0,164,1
453365,1,1,2012-11-15 12:43:59,116.433,39.9664,0,138,1
453365,4,1,2012-11-15 12:44:03,116.433,39.9663,6,136,1
453365,4,1,2012-11-15 12:44:54,116.438,39.9629,51,128,1
453365,4,1,2012-11-15 12:45:52,116.438,39.9635,8,316,1
453365,4,1,2012-11-15 12:46:46,116.434,39.9662,38,310,1
453365,4,1,2012-11-15 12:47:40,116.427,39.9684,38,274,1
453365,4,1,2012-11-15 12:48:34,116.429,39.9749,71,26,1
453365,4,1,2012-11-15 12:49:28,116.434,39.9825,62,26,1
453365,4,1,2012-11-15 12:50:21,116.433,39.9878,58,276,1
453365,4,1,2012-11-15 12:51:16,116.423,39.9877,63,268,1
453365,4,1,2012-11-15 12:52:10,116.412,39.9875,60,268,1
453365,4,1,2012-11-15 12:52:56,116.421,39.9876,67,86,1
453365,4,1,2012-11-15 12:53:05,116.403,39.9873,38,276,1
453365,4,1,2012-11-15 12:53:59,116.401,39.9931,0,24,1
453365,4,1,2012-11-15 12:54:53,116.401,39.9931,0,24,1
453365,0,0,2012-11-15 12:55:20,116.401,39.9937,0,292,1
453365,4,0,2012-11-15 12:55:46,116.4,39.9936,43,266,1
453365,4,0,2012-11-15 12:56:40,116.396,39.9932,45,88,1
453365,4,0,2012-11-15 12:57:36,116.401,39.9934,0,88,1
453365,4,0,2012-11-15 12:58:33,116.401,39.9934,0,88,1
453365,4,0,2012-11-15 12:59:26,116.401,39.9935,28,82,1
453365,1,1,2012-11-15 13:00:19,116.404,39.9936,0,90,1
453365,4,1,2012-11-15 13:00:24,116.404,39.9936,13,84,1
453365,4,1,2012-11-15 13:00:28,116.506,40.0084,101,40,1
453365,4,1,2012-11-15 13:00:44,116.406,39.9936,15,82,1
453365,4,1,2012-11-15 13:01:35,116.41,39.9937,10,94,1
453365,4,1,2012-11-15 13:02:28,116.41,39.9925,8,80,1
453365,4,1,2012-11-15 13:03:22,116.411,39.9861,58,176,1
453365,4,1,2012-11-15 13:04:16,116.411,39.9796,49,176,1
453365,4,1,2012-11-15 13:05:10,116.411,39.9787,0,184,1
453365,4,1,2012-11-15 13:06:03,116.411,39.976,0,172,1
453365,4,1,2012-11-15 13:06:59,116.411,39.9753,41,178,1
453365,4,1,2012-11-15 13:07:52,116.411,39.9723,51,178,1
453365,4,1,2012-11-15 13:08:46,116.415,39.9676,41,84,1
453365,4,1,2012-11-15 13:09:39,116.422,39.9677,28,86,1
453365,4,1,2012-11-15 13:10:26,116.61,40.0535,41,268,1
453365,4,1,2012-11-15 13:10:35,116.432,39.9671,49,130,1
453365,4,1,2012-11-15 13:11:32,116.439,39.9627,52,130,1
453365,4,1,2012-11-15 13:12:31,116.447,39.9575,36,130,1
453365,4,1,2012-11-15 13:13:26,116.453,39.9536,49,130,1
453365,4,1,2012-11-15 13:14:21,116.456,39.948,43,180,1
453365,4,1,2012-11-15 13:15:14,116.455,39.9412,60,180,1
453365,4,1,2012-11-15 13:16:09,116.455,39.9347,54,180,1
453365,4,1,2012-11-15 13:17:04,116.455,39.9328,0,8,1
453365,4,1,2012-11-15 13:17:59,116.455,39.9326,12,136,1
453365,4,1,2012-11-15 13:18:53,116.456,39.9325,19,110,1
453365,4,1,2012-11-15 13:19:53,116.461,39.9324,6,120,1
453365,4,1,2012-11-15 13:20:47,116.461,39.9304,13,184,1
453365,4,1,2012-11-15 13:21:42,116.461,39.9281,19,74,1
453365,4,1,2012-11-15 13:22:35,116.464,39.9287,23,76,1
453365,0,0,2012-11-15 13:22:49,116.464,39.9288,0,90,1
453365,4,0,2012-11-15 13:23:30,116.464,39.9288,0,90,1
453365,4,0,2012-11-15 13:24:23,116.464,39.9289,17,244,1
453365,4,0,2012-11-15 13:25:17,116.461,39.9282,10,288,1
453365,4,0,2012-11-15 13:26:11,116.461,39.9303,10,2,1
453365,4,0,2012-11-15 13:27:05,116.461,39.9322,19,0,1
453365,4,0,2012-11-15 13:27:58,116.458,39.9325,12,274,1
453365,4,0,2012-11-15 13:28:55,116.456,39.9325,0,256,1
453365,4,0,2012-11-15 13:30:24,116.456,39.937,49,2,1
453365,1,1,2012-11-15 13:30:40,116.456,39.9374,0,12,1
453365,4,1,2012-11-15 13:31:19,116.456,39.9403,34,2,1
453365,4,0,2012-11-15 13:32:10,116.438,39.9475,0,232,1
453365,4,1,2012-11-15 13:32:11,116.456,39.9432,19,358,1
453365,4,1,2012-11-15 13:33:05,116.456,39.9469,36,0,1
453365,4,1,2012-11-15 13:34:10,116.454,39.9526,34,314,1
453365,4,1,2012-11-15 13:35:07,116.448,39.957,51,310,1
453365,4,1,2012-11-15 13:36:00,116.44,39.9616,56,310,1
453365,4,1,2012-11-15 13:36:55,116.434,39.9658,36,310,1
453365,4,1,2012-11-15 13:37:48,116.431,39.968,15,34,1
453365,0,0,2012-11-15 13:38:09,116.432,39.9687,0,350,1
453365,4,0,2012-11-15 13:38:42,116.432,39.9687,0,350,1
453365,4,0,2012-11-15 13:39:36,116.431,39.968,30,220,1
453365,4,0,2012-11-15 13:40:30,116.424,39.9683,34,268,1
453365,4,0,2012-11-15 13:41:24,116.42,39.9682,8,164,1
453365,4,0,2012-11-15 13:42:19,116.426,39.968,36,82,1
453365,1,1,2012-11-15 13:42:51,116.43,39.9678,0,112,1
453365,4,1,2012-11-15 13:43:15,116.432,39.967,38,128,1
453365,4,1,2012-11-15 13:44:10,116.437,39.9638,47,130,1
453365,4,1,2012-11-15 13:45:06,116.439,39.9626,17,306,1
453365,4,1,2012-11-15 13:45:58,116.437,39.9638,26,308,1
453365,4,1,2012-11-15 13:46:52,116.432,39.9671,30,310,1
453365,4,1,2012-11-15 13:47:47,116.425,39.9683,49,266,1
453365,4,1,2012-11-15 13:48:44,116.42,39.9681,13,268,1
453365,4,1,2012-11-15 13:49:39,116.417,39.968,39,268,1
453365,4,1,2012-11-15 13:50:32,116.415,39.968,21,268,1
453365,4,1,2012-11-15 13:51:26,116.412,39.9679,23,266,1
453365,4,1,2012-11-15 13:52:21,116.41,39.9678,19,268,1
453365,4,1,2012-11-15 13:53:13,116.406,39.9678,10,262,1
453365,4,1,2012-11-15 13:54:07,116.405,39.9679,0,266,1
453365,4,1,2012-11-15 13:55:03,116.404,39.9679,6,272,1
453365,4,1,2012-11-15 13:55:57,116.403,39.968,0,264,1
453365,4,1,2012-11-15 13:56:51,116.403,39.968,10,268,1
453365,4,1,2012-11-15 13:57:47,116.403,39.9676,10,156,1
453365,0,0,2012-11-15 13:58:13,116.403,39.9659,0,196,1
453365,4,0,2012-11-15 13:58:43,116.403,39.9652,25,90,1
453365,4,0,2012-11-15 13:59:38,116.404,39.9652,4,100,1
453365,4,0,2012-11-15 14:00:36,116.405,39.9672,8,64,1
453365,4,0,2012-11-15 14:00:56,116.406,39.9673,0,102,1
453365,4,1,2012-11-15 14:01:22,116.406,39.9673,10,50,1
453365,4,1,2012-11-15 14:02:12,116.413,39.9678,63,88,1
453365,4,1,2012-11-15 14:03:06,116.424,39.968,67,86,1
453365,4,1,2012-11-15 14:04:01,116.432,39.9672,21,134,1
453365,4,1,2012-11-15 14:04:58,116.435,39.9651,10,130,1
453365,4,1,2012-11-15 14:05:52,116.437,39.9635,28,130,1
453365,4,1,2012-11-15 14:06:49,116.44,39.9615,23,130,1
453365,4,1,2012-11-15 14:07:43,116.444,39.9591,21,134,1
453365,4,1,2012-11-15 14:08:37,116.448,39.9568,23,130,1
453365,4,1,2012-11-15 14:09:32,116.451,39.9548,17,132,1
453365,4,1,2012-11-15 14:11:19,116.455,39.9505,23,176,1
453365,4,1,2012-11-15 14:12:14,116.455,39.9498,0,174,1
453365,4,1,2012-11-15 14:13:09,116.455,39.9496,0,176,1
453365,4,1,2012-11-15 14:14:03,116.455,39.9491,0,168,1
453365,4,1,2012-11-15 14:14:58,116.455,39.9491,0,168,1
453365,4,1,2012-11-15 14:15:55,116.455,39.9486,0,184,1
453365,0,0,2012-11-15 14:16:45,116.456,39.9481,0,72,1
453365,4,0,2012-11-15 14:16:49,116.456,39.9481,0,72,1
453365,4,0,2012-11-15 14:17:40,116.459,39.9489,0,62,1
453365,4,0,2012-11-15 14:18:33,116.461,39.9495,0,66,1
453365,4,0,2012-11-15 14:19:27,116.461,39.9495,0,62,1
453365,4,0,2012-11-15 14:20:20,116.461,39.9496,4,66,1
453365,4,0,2012-11-15 14:20:41,116.461,39.9496,0,64,1
453365,4,0,2012-11-15 14:21:05,116.461,39.9497,10,64,1
453365,4,0,2012-11-15 14:21:55,116.462,39.9498,0,54,1
453365,4,0,2012-11-15 14:22:49,116.462,39.952,38,354,1
453365,4,0,2012-11-15 14:23:42,116.462,39.9559,13,356,1
453365,4,0,2012-11-15 14:25:19,116.46,39.9584,0,304,1
453365,1,1,2012-11-15 14:26:08,116.46,39.9586,0,320,1
453365,4,1,2012-11-15 14:26:15,116.46,39.9584,23,218,1
453365,4,1,2012-11-15 14:27:05,116.456,39.9555,0,218,1
453365,4,1,2012-11-15 14:27:59,116.454,39.9536,39,218,1
453365,4,1,2012-11-15 14:28:52,116.454,39.9531,10,210,1
453365,4,1,2012-11-15 14:29:51,116.455,39.9484,38,180,1
453365,4,1,2012-11-15 14:30:47,116.452,39.9475,30,260,1
453365,4,1,2012-11-15 14:31:43,116.448,39.947,26,256,1
453365,4,1,2012-11-15 14:32:36,116.445,39.9464,17,246,1
453365,4,1,2012-11-15 14:33:31,116.444,39.9428,30,180,1
453365,4,1,2012-11-15 14:34:24,116.444,39.94,0,236,1
453365,4,1,2012-11-15 14:35:19,116.44,39.9398,4,242,1
453365,4,1,2012-11-15 14:36:14,116.437,39.9398,4,266,1
453365,4,1,2012-11-15 14:37:07,116.433,39.9398,0,172,1
453365,4,1,2012-11-15 14:38:02,116.433,39.9398,15,268,1
453365,4,1,2012-11-15 14:38:56,116.429,39.9397,0,266,1
453365,4,1,2012-11-15 14:39:48,116.428,39.9397,0,298,1
453365,4,1,2012-11-15 14:40:45,116.428,39.9397,0,230,1
453365,4,1,2012-11-15 14:41:41,116.428,39.9398,0,270,1
453365,4,1,2012-11-15 14:42:35,116.428,39.9399,0,340,1
453365,4,1,2012-11-15 14:43:28,116.427,39.9396,25,250,1
453365,4,1,2012-11-15 14:44:22,116.423,39.9396,0,250,1
453365,4,1,2012-11-15 14:45:16,116.42,39.9396,32,262,1
453365,4,1,2012-11-15 14:46:12,116.413,39.9395,0,266,1
453365,4,1,2012-11-15 14:47:07,116.411,39.9396,0,264,1
453365,4,1,2012-11-15 14:48:01,116.411,39.9396,15,270,1
453365,4,1,2012-11-15 14:48:56,116.407,39.9396,30,268,1
453365,4,1,2012-11-15 14:49:49,116.405,39.9395,26,270,1
453365,4,1,2012-11-15 14:50:43,116.402,39.9395,12,272,1
453365,4,1,2012-11-15 14:51:36,116.398,39.9394,25,266,1
453365,0,0,2012-11-15 14:51:53,116.397,39.9394,0,270,1
453365,4,0,2012-11-15 14:52:31,116.397,39.9394,17,264,1
453365,4,0,2012-11-15 14:53:25,116.393,39.9394,21,270,1
453365,4,0,2012-11-15 14:54:21,116.39,39.9391,0,198,1
453365,4,0,2012-11-15 14:55:17,116.39,39.9391,0,154,1
453365,4,0,2012-11-15 14:55:38,116.389,39.9389,34,304,1
453365,4,0,2012-11-15 14:56:04,116.388,39.9402,47,356,1
453365,4,0,2012-11-15 14:56:54,116.389,39.9441,26,34,1
453365,4,0,2012-11-15 14:57:49,116.389,39.9471,0,0,1
453365,4,0,2012-11-15 14:58:43,116.391,39.9475,34,72,1
453365,4,0,2012-11-15 14:59:41,116.398,39.9475,19,86,1
453365,4,0,2012-11-15 15:00:34,116.403,39.9476,6,82,1
453365,4,0,2012-11-15 15:01:29,116.404,39.9476,6,90,1
453365,4,0,2012-11-15 15:02:24,116.406,39.9476,45,88,1
453365,4,0,2012-11-15 15:03:17,116.41,39.9479,0,300,1
453365,4,0,2012-11-15 15:04:11,116.413,39.9503,30,34,1
453365,3,0,2012-11-15 15:04:51,116.413,39.9505,0,22,1
453365,4,0,2012-11-15 15:05:46,116.413,39.9505,0,22,1
453365,4,0,2012-11-15 15:06:40,116.413,39.9505,0,22,1
453365,4,0,2012-11-15 15:07:33,116.413,39.9505,6,0,1
453365,4,0,2012-11-15 15:08:27,116.413,39.9524,0,354,1
453365,1,1,2012-11-15 15:08:39,116.413,39.9524,0,354,1
453365,4,1,2012-11-15 15:09:20,116.413,39.9554,28,358,1
453365,4,1,2012-11-15 15:10:16,116.413,39.9557,0,354,1
453365,4,1,2012-11-15 15:11:10,116.412,39.9596,60,358,1
453365,4,1,2012-11-15 15:12:03,116.412,39.9604,0,358,1
453365,4,1,2012-11-15 15:12:58,116.412,39.9646,51,356,1
453365,4,0,2012-11-15 15:13:34,116.412,39.9685,41,358,1
453365,4,1,2012-11-15 15:13:52,116.413,39.9676,45,86,1
453365,4,1,2012-11-15 15:14:46,116.419,39.9681,36,88,1
453365,4,1,2012-11-15 15:15:42,116.425,39.9681,10,86,1
453365,4,1,2012-11-15 15:16:37,116.428,39.9682,12,74,1
453365,4,0,2012-11-15 15:16:51,116.411,39.9752,0,356,1
453365,4,1,2012-11-15 15:17:31,116.43,39.968,12,108,1
453365,4,1,2012-11-15 15:18:25,116.431,39.9675,8,124,1
453365,4,1,2012-11-15 15:19:20,116.433,39.9665,6,130,1
453365,4,1,2012-11-15 15:20:16,116.434,39.9657,17,130,1
453365,4,1,2012-11-15 15:21:11,116.435,39.9649,28,130,1
453365,4,1,2012-11-15 15:22:05,116.437,39.964,0,130,1
453365,4,1,2012-11-15 15:22:59,116.438,39.9633,17,130,1
453365,4,1,2012-11-15 15:24:00,116.44,39.9618,21,130,1
453365,4,1,2012-11-15 15:24:54,116.442,39.9609,19,128,1
453365,4,1,2012-11-15 15:25:49,116.443,39.9602,0,126,1
453365,4,1,2012-11-15 15:26:44,116.444,39.9595,8,130,1
453365,4,1,2012-11-15 15:27:37,116.444,39.9593,0,130,1
453365,4,1,2012-11-15 15:28:33,116.445,39.9588,10,134,1
453365,4,1,2012-11-15 15:29:26,116.446,39.9582,0,132,1
453365,4,1,2012-11-15 15:30:20,116.447,39.9572,0,132,1
453365,4,1,2012-11-15 15:31:15,116.448,39.9567,8,130,1
453365,4,1,2012-11-15 15:32:08,116.449,39.9559,0,134,1
453365,4,1,2012-11-15 15:33:03,116.45,39.9554,0,116,1
453365,4,1,2012-11-15 15:33:56,116.452,39.9539,12,128,1
453365,4,1,2012-11-15 15:34:51,116.454,39.9524,8,138,1
453365,4,1,2012-11-15 15:35:45,116.455,39.9508,23,164,1
453365,4,1,2012-11-15 15:36:39,116.456,39.9482,0,180,1
453365,4,1,2012-11-15 15:37:34,116.455,39.9453,41,180,1
453365,4,1,2012-11-15 15:38:26,116.455,39.9422,12,178,1
453365,4,1,2012-11-15 15:39:21,116.455,39.9388,23,180,1
453365,4,1,2012-11-15 15:40:14,116.455,39.9365,26,182,1
453365,4,1,2012-11-15 15:41:05,116.455,39.9346,0,194,1
453365,4,1,2012-11-15 15:41:55,116.455,39.9346,0,184,1
453365,4,1,2012-11-15 15:42:49,116.455,39.9346,0,184,1
453365,4,1,2012-11-15 15:43:43,116.455,39.9339,8,188,1
453365,4,1,2012-11-15 15:44:37,116.457,39.9323,25,90,1
453365,4,1,2012-11-15 15:45:30,116.463,39.9323,34,88,1
453365,0,0,2012-11-15 15:45:48,116.464,39.9322,0,98,1
453365,4,0,2012-11-15 15:46:24,116.464,39.9322,0,98,1
453365,4,0,2012-11-15 15:47:18,116.464,39.9322,0,346,1
453365,4,0,2012-11-15 15:48:12,116.465,39.9324,0,90,1
453365,4,0,2012-11-15 15:49:06,116.466,39.9323,0,80,1
453365,4,0,2012-11-15 15:50:01,116.466,39.9323,0,96,1
453365,4,0,2012-11-15 15:50:56,116.469,39.9358,36,34,1
453365,4,0,2012-11-15 15:51:49,116.469,39.9374,49,354,1
453365,4,0,2012-11-15 15:52:44,116.468,39.9437,0,2,1
453365,4,0,2012-11-15 15:53:38,116.466,39.9481,34,332,1
453365,4,0,2012-11-15 15:54:33,116.465,39.9505,0,340,1
453365,4,0,2012-11-15 15:55:30,116.465,39.9509,0,318,1
453365,4,0,2012-11-15 15:56:25,116.462,39.9506,23,354,1
453365,4,0,2012-11-15 15:57:18,116.462,39.954,0,10,1
453365,1,1,2012-11-15 15:57:23,116.462,39.954,0,10,1
453365,4,1,2012-11-15 15:58:14,116.462,39.9553,6,356,1
453365,4,1,2012-11-15 15:59:09,116.462,39.9563,26,356,1
453365,4,1,2012-11-15 16:00:02,116.46,39.9586,19,296,1
453365,4,1,2012-11-15 16:00:56,116.456,39.9555,23,228,1
453365,4,1,2012-11-15 16:01:49,116.454,39.9533,13,260,1
453365,4,1,2012-11-15 16:02:43,116.452,39.9545,0,328,1
453365,4,1,2012-11-15 16:03:36,116.451,39.9551,21,324,1
453365,4,1,2012-11-15 16:04:32,116.446,39.9584,39,310,1
453365,4,1,2012-11-15 16:05:27,116.441,39.9615,0,306,1
453365,4,1,2012-11-15 16:06:22,116.441,39.9615,0,306,1
453365,4,1,2012-11-15 16:08:14,116.436,39.9584,23,270,1
453365,4,1,2012-11-15 16:09:07,116.434,39.9584,0,254,1
453365,4,1,2012-11-15 16:10:00,116.429,39.9583,15,266,1
453365,4,1,2012-11-15 16:10:55,116.427,39.9583,6,284,1
453365,4,1,2012-11-15 16:11:49,116.422,39.9581,26,268,1
453365,4,1,2012-11-15 16:12:43,116.415,39.958,34,266,1
453365,4,1,2012-11-15 16:13:38,116.413,39.9579,0,264,1
453365,4,0,2012-11-15 16:13:59,116.535,39.9096,0,178,1
453365,4,1,2012-11-15 16:14:31,116.412,39.9579,45,268,1
453365,4,1,2012-11-15 16:15:26,116.404,39.9578,36,272,1
453365,4,1,2012-11-15 16:16:22,116.402,39.9588,36,354,1
453365,4,1,2012-11-15 16:17:17,116.401,39.9595,0,354,1
453365,4,1,2012-11-15 16:18:10,116.401,39.96,0,4,1
453365,4,0,2012-11-15 16:18:17,116.526,39.9086,0,274,1
453365,4,1,2012-11-15 16:19:07,116.401,39.9599,0,4,1
453365,4,1,2012-11-15 16:20:01,116.4,39.9608,0,2,1
453365,4,1,2012-11-15 16:20:57,116.4,39.9624,23,8,1
453365,0,0,2012-11-15 16:21:01,116.4,39.9625,0,12,1
453365,4,0,2012-11-15 16:21:18,116.524,39.9086,13,262,1
453365,4,0,2012-11-15 16:21:52,116.4,39.9625,0,174,1
453365,4,0,2012-11-15 16:22:46,116.4,39.9607,0,230,1
453365,4,0,2012-11-15 16:23:42,116.401,39.9606,0,92,1
453365,4,0,2012-11-15 16:24:38,116.402,39.9627,58,358,1
453365,4,0,2012-11-15 16:25:33,116.404,39.9673,30,86,1
453365,4,0,2012-11-15 16:26:29,116.408,39.9675,52,88,1
453365,4,0,2012-11-15 16:27:23,116.411,39.9676,0,92,1
453365,4,0,2012-11-15 16:28:19,116.411,39.9676,0,92,1
453365,4,0,2012-11-15 16:29:13,116.411,39.9676,0,92,1
453365,4,0,2012-11-15 16:30:06,116.416,39.9677,32,88,1
453365,4,0,2012-11-15 16:31:02,116.422,39.9677,19,84,1
453365,4,0,2012-11-15 16:31:56,116.429,39.968,32,102,1
453365,4,0,2012-11-15 16:32:50,116.432,39.9665,19,132,1
453365,4,0,2012-11-15 16:33:44,116.433,39.9664,0,136,1
453365,4,0,2012-11-15 16:34:40,116.433,39.9664,0,136,1
453365,4,0,2012-11-15 16:35:33,116.433,39.9664,0,136,1
453365,4,0,2012-11-15 16:36:27,116.433,39.9664,0,136,1
453365,4,0,2012-11-15 16:37:20,116.433,39.9664,0,136,1
453365,4,0,2012-11-15 16:38:16,116.433,39.9664,0,136,1
453365,4,0,2012-11-15 16:39:12,116.433,39.9664,0,136,1
453365,4,0,2012-11-15 16:40:07,116.433,39.9664,0,136,1
453365,4,0,2012-11-15 16:41:03,116.433,39.9664,0,136,1
453365,4,0,2012-11-15 16:41:59,116.433,39.9664,0,136,1
453365,1,1,2012-11-15 16:42:04,116.433,39.9664,0,136,1
453365,4,1,2012-11-15 16:42:55,116.436,39.9639,26,130,1
453365,4,1,2012-11-15 16:43:51,116.44,39.9617,21,132,1
453365,4,1,2012-11-15 16:44:46,116.44,39.9614,0,138,1
453365,4,1,2012-11-15 16:45:40,116.444,39.9649,43,40,1
453365,4,1,2012-11-15 16:46:35,116.446,39.9664,52,38,1
453365,4,1,2012-11-15 16:47:12,116.426,39.8925,4,278,1
453365,4,1,2012-11-15 16:47:32,116.442,39.9712,10,310,1
453365,0,0,2012-11-15 16:47:35,116.441,39.9712,6,332,1
453365,4,0,2012-11-15 16:48:25,116.442,39.9722,36,26,1
453365,4,0,2012-11-15 16:49:20,116.441,39.9715,0,204,1
453365,4,0,2012-11-15 16:50:15,116.441,39.9715,0,204,1
453365,4,0,2012-11-15 16:51:08,116.439,39.9691,63,218,1
453365,4,0,2012-11-15 16:52:07,116.437,39.9681,0,246,1
453365,4,0,2012-11-15 16:53:00,116.437,39.9682,0,246,1
453365,4,0,2012-11-15 16:53:55,116.437,39.9682,0,246,1
453365,4,0,2012-11-15 16:54:49,116.437,39.9682,0,246,1
453365,4,0,2012-11-15 16:55:43,116.437,39.9682,0,246,1
453365,4,0,2012-11-15 16:56:37,116.435,39.9663,38,220,1
453365,4,0,2012-11-15 16:57:31,116.433,39.9666,30,308,1
453365,1,1,2012-11-15 16:58:11,116.43,39.9681,0,292,1
453365,4,1,2012-11-15 16:58:24,116.429,39.9683,45,280,1
453365,4,1,2012-11-15 16:59:14,116.421,39.9681,45,266,1
453365,4,1,2012-11-15 17:00:08,116.416,39.9679,15,266,1
453365,4,1,2012-11-15 17:01:01,116.412,39.9678,34,266,1
453365,4,1,2012-11-15 17:01:56,116.408,39.9677,15,268,1
453365,4,1,2012-11-15 17:02:51,116.402,39.9676,23,266,1
453365,4,1,2012-11-15 17:03:46,116.396,39.9674,17,268,1
453365,4,1,2012-11-15 17:04:39,116.393,39.9673,8,266,1
453365,4,1,2012-11-15 17:05:32,116.389,39.9672,17,266,1
453365,4,1,2012-11-15 17:06:25,116.383,39.9672,34,266,1
453365,4,1,2012-11-15 17:07:22,116.382,39.9703,36,358,1
453365,4,1,2012-11-15 17:08:18,116.379,39.9713,10,248,1
453365,4,1,2012-11-15 17:09:12,116.379,39.9713,0,256,1
453365,0,0,2012-11-15 17:09:24,116.379,39.9713,0,300,1
453365,4,0,2012-11-15 17:10:07,116.379,39.9713,0,300,1
453365,4,0,2012-11-15 17:11:02,116.379,39.9713,0,300,1
453365,4,0,2012-11-15 17:11:58,116.379,39.9713,0,300,1
453365,4,0,2012-11-15 17:12:54,116.38,39.9707,0,30,1
453365,4,0,2012-11-15 17:13:48,116.38,39.9707,0,30,1
453365,4,0,2012-11-15 17:14:42,116.38,39.9707,0,30,1
453365,4,0,2012-11-15 17:15:36,116.38,39.9708,0,30,1
453365,4,0,2012-11-15 17:16:30,116.38,39.9708,0,30,1
453365,4,0,2012-11-15 17:18:20,116.38,39.9708,0,296,1
453365,4,0,2012-11-15 17:18:40,116.38,39.9708,0,296,1
453365,4,0,2012-11-15 17:19:07,116.38,39.9709,0,296,1
453365,4,0,2012-11-15 17:19:58,116.38,39.9709,0,296,1
453365,4,0,2012-11-15 17:20:54,116.38,39.9709,0,296,1
453365,4,0,2012-11-15 17:21:49,116.38,39.9709,0,296,1
453365,4,1,2012-11-15 17:22:34,116.449,39.9071,39,92,1
453365,4,0,2012-11-15 17:22:48,116.379,39.9709,0,206,1
453365,4,0,2012-11-15 17:23:45,116.379,39.971,0,276,1
453365,3,0,2012-11-15 17:23:52,116.379,39.971,0,276,1
453365,3,0,2012-11-15 17:23:53,116.379,39.971,0,276,1
453365,4,0,2012-11-15 17:24:43,116.379,39.971,0,276,1
453365,4,0,2012-11-15 17:25:38,116.379,39.9711,0,290,1
453365,4,0,2012-11-15 17:26:33,116.379,39.9711,0,290,1
453365,4,0,2012-11-15 17:27:27,116.379,39.9711,0,290,1
453365,4,0,2012-11-15 17:28:20,116.379,39.9711,0,290,1
453365,4,0,2012-11-15 17:29:14,116.379,39.9711,0,290,1
453365,4,0,2012-11-15 17:30:09,116.379,39.9711,0,290,1
453365,4,0,2012-11-15 17:31:05,116.379,39.9711,0,294,1
453365,3,0,2012-11-15 17:31:26,116.379,39.9711,0,294,1
453365,4,0,2012-11-15 17:32:21,116.379,39.9711,0,294,1
453365,4,0,2012-11-15 17:33:15,116.379,39.9711,0,294,1
453365,4,0,2012-11-15 17:33:24,116.444,39.9206,0,358,1
453365,4,0,2012-11-15 17:34:09,116.379,39.9712,0,294,1
453365,4,0,2012-11-15 17:35:06,116.379,39.9712,0,294,1
453365,4,0,2012-11-15 17:36:02,116.379,39.9712,0,268,1
453365,4,0,2012-11-15 17:37:10,116.444,39.9265,45,0,1
453365,4,0,2012-11-15 17:37:35,116.379,39.9712,0,268,1
453365,4,0,2012-11-15 17:38:29,116.379,39.9712,0,268,1
453365,4,0,2012-11-15 17:39:24,116.379,39.9712,0,268,1
453365,4,0,2012-11-15 17:40:18,116.379,39.9712,0,268,1
453365,4,0,2012-11-15 17:40:42,116.444,39.9429,0,0,1
453365,4,0,2012-11-15 17:41:13,116.379,39.9713,0,268,1
453365,3,0,2012-11-15 17:41:44,116.379,39.9713,0,268,1
453365,4,0,2012-11-15 17:42:38,116.379,39.9713,0,268,1
453365,4,0,2012-11-15 17:43:31,116.379,39.9713,0,268,1
453365,4,0,2012-11-15 17:44:27,116.379,39.9713,0,268,1
453365,4,0,2012-11-15 17:45:21,116.379,39.9713,0,268,1
453365,4,0,2012-11-15 17:46:15,116.379,39.9713,0,268,1
453365,4,0,2012-11-15 17:47:08,116.379,39.9713,0,268,1
453365,4,0,2012-11-15 17:48:02,116.379,39.9713,0,268,1
453365,4,0,2012-11-15 17:48:58,116.379,39.9713,0,268,1
453365,4,0,2012-11-15 17:49:53,116.379,39.9713,0,268,1
453365,4,0,2012-11-15 17:52:08,116.379,39.9713,0,268,1
453365,4,0,2012-11-15 17:52:59,116.379,39.9713,0,268,1
453365,4,0,2012-11-15 17:53:53,116.379,39.9713,0,268,1
453365,4,0,2012-11-15 17:54:48,116.377,39.9712,17,278,1
453365,1,1,2012-11-15 17:55:30,116.375,39.9712,0,310,1
453365,4,1,2012-11-15 17:55:43,116.375,39.9714,15,4,1
453365,0,0,2012-11-15 17:55:50,116.375,39.9717,28,6,1
453365,1,1,2012-11-15 17:56:09,116.375,39.9721,0,16,1
453365,4,1,2012-11-15 17:56:34,116.375,39.9733,15,0,1
453365,4,1,2012-11-15 17:57:28,116.375,39.9748,4,6,1
453365,4,1,2012-11-15 17:58:23,116.378,39.9754,49,88,1
453365,4,1,2012-11-15 17:59:18,116.382,39.9782,41,358,1
453365,4,1,2012-11-15 18:00:12,116.382,39.9788,0,354,1
453365,4,1,2012-11-15 18:01:09,116.382,39.9802,0,358,1
453365,4,1,2012-11-15 18:02:02,116.382,39.9801,0,358,1
453365,4,1,2012-11-15 18:02:57,116.382,39.9812,12,356,1
453365,4,1,2012-11-15 18:03:50,116.382,39.9849,45,358,1
453365,4,1,2012-11-15 18:04:44,116.384,39.9864,41,86,1
453365,4,1,2012-11-15 18:05:39,116.394,39.9867,49,86,1
453365,4,1,2012-11-15 18:06:33,116.403,39.987,60,86,1
453365,4,1,2012-11-15 18:07:26,116.411,39.9874,54,88,1
453365,4,1,2012-11-15 18:08:19,116.42,39.9876,71,88,1
453365,4,1,2012-11-15 18:09:16,116.427,39.9881,10,84,1
453365,4,1,2012-11-15 18:10:10,116.432,39.9879,12,100,1
453365,4,1,2012-11-15 18:10:30,116.433,39.9875,13,106,1
453365,4,1,2012-11-15 18:10:50,116.434,39.9872,15,112,1
453365,4,1,2012-11-15 18:11:26,116.434,39.9869,0,118,1
453365,4,1,2012-11-15 18:12:17,116.435,39.9866,15,116,1
453365,4,1,2012-11-15 18:13:12,116.436,39.9862,6,134,1
453365,4,1,2012-11-15 18:14:07,116.438,39.9854,4,116,1
453365,4,1,2012-11-15 18:15:01,116.44,39.9848,4,116,1
453365,4,1,2012-11-15 18:15:54,116.441,39.9844,6,118,1
453365,4,1,2012-11-15 18:16:49,116.442,39.984,0,118,1
453365,4,1,2012-11-15 18:17:43,116.443,39.9834,8,130,1
453365,4,1,2012-11-15 18:18:38,116.444,39.9826,4,130,1
453365,4,1,2012-11-15 18:19:31,116.445,39.9818,15,130,1
453365,4,1,2012-11-15 18:20:26,116.446,39.9812,6,130,1
453365,4,1,2012-11-15 18:21:19,116.447,39.9807,0,130,1
453365,4,1,2012-11-15 18:22:13,116.448,39.9799,6,130,1
453365,4,1,2012-11-15 18:23:08,116.449,39.9792,0,132,1
453365,4,1,2012-11-15 18:24:02,116.45,39.9785,8,130,1
453365,4,1,2012-11-15 18:24:57,116.451,39.9778,8,130,1
453365,4,1,2012-11-15 18:25:51,116.453,39.9768,10,130,1
453365,4,1,2012-11-15 18:26:47,116.454,39.9762,8,130,1
453365,4,1,2012-11-15 18:27:42,116.455,39.9756,15,130,1
453365,4,1,2012-11-15 18:28:39,116.456,39.9747,0,132,1
453365,4,1,2012-11-15 18:29:34,116.457,39.9739,6,130,1
453365,4,1,2012-11-15 18:30:27,116.459,39.973,10,132,1
453365,4,1,2012-11-15 18:31:22,116.46,39.9719,12,130,1
453365,4,1,2012-11-15 18:32:16,116.463,39.9701,26,130,1
453365,4,1,2012-11-15 18:33:10,116.466,39.9684,15,130,1
453365,4,1,2012-11-15 18:34:03,116.468,39.9671,30,130,1
453365,4,1,2012-11-15 18:34:57,116.473,39.9637,4,128,1
453365,4,1,2012-11-15 18:35:51,116.475,39.9621,28,130,1
453365,4,1,2012-11-15 18:36:45,116.479,39.9596,25,138,1
453365,4,1,2012-11-15 18:37:41,116.481,39.9576,32,146,1
453365,4,1,2012-11-15 18:38:37,116.483,39.9541,25,158,1
453365,4,1,2012-11-15 18:39:30,116.484,39.951,39,174,1
453365,4,1,2012-11-15 18:40:24,116.484,39.9444,60,180,1
453365,4,1,2012-11-15 18:41:18,116.484,39.9371,54,178,1
453365,4,1,2012-11-15 18:42:13,116.484,39.9297,54,182,1
453365,4,1,2012-11-15 18:43:06,116.483,39.9239,41,180,1
453365,4,1,2012-11-15 18:44:00,116.483,39.919,30,188,1
453365,4,1,2012-11-15 18:44:54,116.483,39.9171,10,176,1
453365,4,1,2012-11-15 18:45:49,116.483,39.9163,8,178,1
453365,4,1,2012-11-15 18:46:44,116.483,39.915,8,180,1
453365,4,1,2012-11-15 18:47:38,116.484,39.9138,21,102,1
453365,4,0,2012-11-15 18:48:27,116.429,39.9583,15,282,1
453365,4,1,2012-11-15 18:48:33,116.488,39.9142,25,82,1
453365,4,1,2012-11-15 18:49:29,116.489,39.9142,0,98,1
453365,4,1,2012-11-15 18:50:23,116.492,39.9143,28,84,1
453365,4,1,2012-11-15 18:51:16,116.499,39.9145,13,86,1
453365,4,1,2012-11-15 18:52:10,116.502,39.9147,8,96,1
453365,4,1,2012-11-15 18:53:03,116.503,39.9146,0,92,1
453365,4,1,2012-11-15 18:53:56,116.504,39.9146,0,90,1
453365,4,1,2012-11-15 18:54:50,116.504,39.9146,0,84,1
453365,4,1,2012-11-15 18:55:45,116.505,39.9146,0,90,1
453365,4,1,2012-11-15 18:56:38,116.505,39.9154,10,350,1
453365,4,1,2012-11-15 18:57:31,116.506,39.9147,0,62,1
453365,4,1,2012-11-15 18:58:25,116.508,39.9148,0,82,1
453365,4,1,2012-11-15 18:59:21,116.508,39.9148,0,120,1
453365,4,1,2012-11-15 19:00:17,116.508,39.9148,0,88,1
453365,4,1,2012-11-15 19:01:12,116.509,39.9149,0,78,1
453365,4,1,2012-11-15 19:02:06,116.511,39.915,13,92,1
453365,4,1,2012-11-15 19:02:21,116.455,39.9326,2,58,1
453365,4,1,2012-11-15 19:03:04,116.511,39.915,0,84,1
453365,4,1,2012-11-15 19:03:59,116.512,39.9143,36,182,1
453365,0,0,2012-11-15 19:04:16,116.512,39.9134,0,176,1
453365,4,0,2012-11-15 19:04:54,116.512,39.9134,0,176,1
453365,4,0,2012-11-15 19:05:48,116.512,39.914,13,354,1
453365,4,0,2012-11-15 19:06:42,116.512,39.915,0,98,1
453365,1,1,2012-11-15 19:07:04,116.512,39.915,0,98,1
453365,4,1,2012-11-15 19:07:35,116.514,39.9153,17,74,1
453365,4,1,2012-11-15 19:08:29,116.514,39.9155,10,64,1
453365,4,1,2012-11-15 19:09:25,116.519,39.9159,23,88,1
453365,4,1,2012-11-15 19:10:19,116.519,39.9159,0,90,1
453365,4,1,2012-11-15 19:11:14,116.522,39.9157,0,60,1
453365,4,1,2012-11-15 19:12:08,116.523,39.9157,10,96,1
453365,4,1,2012-11-15 19:13:02,116.524,39.9156,0,96,1
453365,4,1,2012-11-15 19:13:57,116.527,39.9154,4,96,1
453365,4,1,2012-11-15 19:14:54,116.533,39.915,45,94,1
453365,4,1,2012-11-15 19:15:49,116.537,39.9148,0,92,1
453365,4,1,2012-11-15 19:16:42,116.539,39.9148,25,92,1
453365,4,1,2012-11-15 19:17:36,116.544,39.9146,13,90,1
453365,4,1,2012-11-15 19:18:30,116.547,39.9146,0,90,1
453365,4,1,2012-11-15 19:19:24,116.548,39.9146,23,88,1
453365,4,1,2012-11-15 19:20:17,116.554,39.9147,45,84,1
453365,4,1,2012-11-15 19:21:11,116.56,39.9146,0,94,1
453365,4,1,2012-11-15 19:22:05,116.561,39.9145,32,96,1
453365,4,1,2012-11-15 19:23:00,116.567,39.914,26,100,1
453365,4,1,2012-11-15 19:23:55,116.569,39.9138,28,98,1
453365,4,1,2012-11-15 19:24:49,116.57,39.9136,0,184,1
453365,4,1,2012-11-15 19:25:42,116.573,39.9133,34,100,1
453365,4,1,2012-11-15 19:26:35,116.577,39.9127,25,98,1
453365,4,1,2012-11-15 19:26:42,116.456,39.9399,23,66,1
453365,4,1,2012-11-15 19:27:30,116.583,39.9114,25,110,1
453365,4,1,2012-11-15 19:28:24,116.584,39.9111,0,108,1
453365,4,1,2012-11-15 19:29:18,116.584,39.9111,10,106,1
453365,4,1,2012-11-15 19:30:13,116.59,39.9106,0,84,1
453365,4,1,2012-11-15 19:31:07,116.593,39.9107,17,106,1
453365,4,1,2012-11-15 19:32:00,116.594,39.9116,36,262,1
453365,4,1,2012-11-15 19:32:56,116.595,39.9088,4,168,1
453365,4,1,2012-11-15 19:33:51,116.595,39.9088,0,274,1
453365,4,1,2012-11-15 19:34:44,116.595,39.9088,0,264,1
453365,4,1,2012-11-15 19:35:38,116.595,39.9088,0,250,1
453365,4,1,2012-11-15 19:36:31,116.595,39.9088,0,50,1
453365,4,1,2012-11-15 19:37:26,116.595,39.908,6,162,1
453365,4,1,2012-11-15 19:38:20,116.6,39.9075,30,106,1
453365,4,1,2012-11-15 19:39:19,116.606,39.9039,45,112,1
453365,4,1,2012-11-15 19:40:13,116.612,39.9039,17,124,1
453365,4,1,2012-11-15 19:41:07,116.616,39.9051,34,84,1
453365,4,1,2012-11-15 19:42:00,116.621,39.9053,32,72,1
453365,4,1,2012-11-15 19:42:54,116.627,39.9051,28,86,1
453365,4,1,2012-11-15 19:43:48,116.631,39.9033,30,150,1
453365,4,1,2012-11-15 19:44:44,116.632,39.9019,0,148,1
453365,4,1,2012-11-15 19:45:37,116.634,39.8991,15,154,1
453365,4,1,2012-11-15 19:46:30,116.636,39.8967,36,150,1
453365,4,1,2012-11-15 19:47:26,116.638,39.8939,0,140,1
453365,4,1,2012-11-15 19:48:21,116.638,39.8939,0,140,1
453365,4,1,2012-11-15 19:49:15,116.639,39.8933,34,124,1
453365,4,1,2012-11-15 19:50:08,116.644,39.8916,4,110,1
453365,4,1,2012-11-15 19:51:02,116.644,39.8916,0,110,1
453365,4,1,2012-11-15 19:51:56,116.648,39.8904,41,110,1
453365,4,1,2012-11-15 19:52:49,116.649,39.8883,41,208,1
453365,4,1,2012-11-15 19:53:43,116.645,39.8831,56,206,1
453365,4,1,2012-11-15 19:54:36,116.641,39.8785,4,224,1
453365,4,1,2012-11-15 19:55:31,116.641,39.8785,0,224,1
453365,4,1,2012-11-15 19:56:24,116.638,39.8762,43,224,1
453365,4,1,2012-11-15 19:56:44,116.635,39.8744,54,224,1
453365,4,1,2012-11-15 19:57:09,116.633,39.8727,0,216,1
453365,4,1,2012-11-15 19:58:00,116.633,39.8711,0,126,1
453365,0,0,2012-11-15 19:58:01,116.633,39.8711,0,126,1
453365,4,0,2012-11-15 19:58:53,116.632,39.8713,0,302,1
453365,4,0,2012-11-15 19:59:48,116.632,39.8713,0,24,1
453365,4,0,2012-11-15 20:00:42,116.632,39.8713,0,24,1
453365,4,0,2012-11-15 20:01:37,116.633,39.8724,41,30,1
453365,4,0,2012-11-15 20:02:30,116.639,39.8769,43,44,1
453365,4,0,2012-11-15 20:03:24,116.643,39.8801,41,44,1
453365,4,0,2012-11-15 20:04:36,116.648,39.8864,32,28,1
453365,4,0,2012-11-15 20:05:30,116.65,39.8895,0,28,1
453365,4,0,2012-11-15 20:06:23,116.649,39.8901,41,290,1
453365,4,0,2012-11-15 20:07:24,116.641,39.8925,38,290,1
453365,4,0,2012-11-15 20:08:18,116.639,39.893,0,298,1
453365,4,0,2012-11-15 20:09:12,116.636,39.8961,47,332,1
453365,4,0,2012-11-15 20:10:06,116.634,39.8996,0,338,1
453365,4,0,2012-11-15 20:11:00,116.633,39.9009,21,332,1
453365,4,0,2012-11-15 20:11:54,116.63,39.9051,26,280,1
453365,4,0,2012-11-15 20:12:48,116.629,39.9053,0,296,1
453365,4,0,2012-11-15 20:13:41,116.629,39.9053,0,296,1
453365,4,0,2012-11-15 20:14:37,116.629,39.9053,0,296,1
453365,4,0,2012-11-15 20:15:34,116.629,39.9053,0,296,1
453365,4,0,2012-11-15 20:16:30,116.629,39.9053,0,296,1
453365,4,0,2012-11-15 20:17:26,116.629,39.9053,0,296,1
453365,4,0,2012-11-15 20:18:23,116.622,39.9055,71,258,1
453365,4,0,2012-11-15 20:19:17,116.617,39.9055,41,272,1
453365,4,0,2012-11-15 20:20:13,116.61,39.905,52,266,1
453365,4,0,2012-11-15 20:21:52,116.598,39.9082,36,272,1
453365,4,0,2012-11-15 20:22:48,116.594,39.9083,12,268,1
453365,4,0,2012-11-15 20:23:43,116.591,39.9085,26,272,1
453365,4,0,2012-11-15 20:24:37,116.584,39.9086,38,272,1
453365,4,0,2012-11-15 20:25:30,116.576,39.9094,51,276,1
453365,4,0,2012-11-15 20:26:24,116.571,39.9095,0,268,1
453365,4,0,2012-11-15 20:27:18,116.571,39.9095,13,264,1
453365,4,0,2012-11-15 20:28:12,116.571,39.9129,15,12,1
453365,4,0,2012-11-15 20:29:05,116.567,39.9143,49,278,1
453365,4,0,2012-11-15 20:30:00,116.564,39.9147,0,274,1
453365,4,0,2012-11-15 20:30:53,116.561,39.9148,47,278,1
453365,4,0,2012-11-15 20:31:48,116.552,39.9149,49,264,1
453365,4,0,2012-11-15 20:32:41,116.548,39.9149,0,268,1
453365,4,0,2012-11-15 20:33:34,116.545,39.9149,38,268,1
453365,1,1,2012-11-15 20:33:57,116.545,39.9149,0,286,1
453365,4,1,2012-11-15 20:34:27,116.544,39.9149,30,270,1
453365,4,1,2012-11-15 20:35:21,116.542,39.915,8,274,1
453365,4,1,2012-11-15 20:36:15,116.539,39.9151,0,278,1
453365,4,1,2012-11-15 20:37:10,116.538,39.9151,38,270,1
453365,4,1,2012-11-15 20:38:05,116.529,39.9156,21,274,1
453365,4,1,2012-11-15 20:38:58,116.526,39.9158,41,276,1
453365,4,1,2012-11-15 20:39:53,116.523,39.916,23,276,1
453365,4,1,2012-11-15 20:40:46,116.52,39.9162,0,276,1
453365,4,1,2012-11-15 20:41:42,116.516,39.9159,0,256,1
453365,4,1,2012-11-15 20:42:37,116.513,39.9156,19,266,1
453365,4,1,2012-11-15 20:43:30,116.512,39.918,8,308,1
453365,4,1,2012-11-15 20:44:25,116.51,39.9183,21,278,1
453365,4,1,2012-11-15 20:45:22,116.51,39.9181,0,180,1
453365,4,1,2012-11-15 20:46:19,116.51,39.9182,0,142,1
453365,4,1,2012-11-15 20:47:13,116.51,39.9182,0,128,1
453365,4,1,2012-11-15 20:48:07,116.512,39.9179,12,22,1
453365,4,1,2012-11-15 20:49:01,116.512,39.9209,0,352,1
453365,4,1,2012-11-15 20:49:57,116.514,39.9222,39,74,1
453365,4,1,2012-11-15 20:50:55,116.515,39.9223,0,76,1
453365,4,1,2012-11-15 20:51:52,116.515,39.9259,32,358,1
453365,4,1,2012-11-15 20:52:48,116.518,39.9262,0,82,1
453365,4,0,2012-11-15 20:54:36,116.517,39.9263,0,288,1
453365,4,0,2012-11-15 20:55:28,116.519,39.9261,19,96,1
453365,4,0,2012-11-15 20:56:17,116.518,39.9261,25,244,1
453365,4,0,2012-11-15 20:57:12,116.515,39.9259,0,188,1
453365,4,0,2012-11-15 20:58:07,116.515,39.9258,0,258,1
453365,4,0,2012-11-15 20:59:02,116.515,39.9259,0,258,1
453365,4,0,2012-11-15 20:59:57,116.515,39.9259,0,258,1
453365,4,0,2012-11-15 21:01:02,116.515,39.9246,23,178,1
453365,4,0,2012-11-15 21:01:55,116.515,39.9226,0,204,1
453365,4,0,2012-11-15 21:02:51,116.512,39.9221,36,270,1
453365,4,0,2012-11-15 21:03:47,116.509,39.9221,30,268,1
453365,4,0,2012-11-15 21:04:41,116.502,39.922,32,270,1
453365,4,0,2012-11-15 21:05:36,116.498,39.922,0,280,1
453365,4,0,2012-11-15 21:06:31,116.496,39.922,26,268,1
453365,4,0,2012-11-15 21:07:24,116.492,39.9219,34,276,1
453365,4,0,2012-11-15 21:08:18,116.489,39.9218,36,270,1
453365,4,0,2012-11-15 21:09:12,116.484,39.9224,39,0,1
453365,4,0,2012-11-15 21:10:53,116.484,39.9319,0,0,1
453365,4,0,2012-11-15 21:11:47,116.484,39.9326,25,356,1
453365,4,0,2012-11-15 21:12:41,116.484,39.9378,34,0,1
453365,4,0,2012-11-15 21:14:04,116.484,39.9459,45,358,1
453365,4,0,2012-11-15 21:15:00,116.484,39.9513,36,350,1
453365,4,0,2012-11-15 21:15:54,116.484,39.9526,0,104,1
453365,4,1,2012-11-15 21:16:00,116.455,39.9341,51,178,1
453365,4,0,2012-11-15 21:17:36,116.484,39.9526,0,104,1
453365,4,0,2012-11-15 21:18:33,116.484,39.9526,0,104,1
453365,4,0,2012-11-15 21:19:27,116.484,39.9526,0,104,1
453365,4,0,2012-11-15 21:20:20,116.484,39.9526,0,104,1
453365,4,0,2012-11-15 21:21:55,116.484,39.9526,0,104,1
453365,4,0,2012-11-15 21:22:51,116.484,39.9526,0,104,1
453365,4,0,2012-11-15 21:23:51,116.484,39.9526,0,104,1
453365,4,0,2012-11-15 21:24:45,116.484,39.9526,0,104,1
453365,4,0,2012-11-15 21:25:39,116.484,39.9526,0,104,1
453365,4,0,2012-11-15 21:26:33,116.484,39.9526,0,104,1
453365,4,0,2012-11-15 21:27:26,116.484,39.9526,0,104,1
453365,4,0,2012-11-15 21:28:20,116.484,39.9526,0,104,1
453365,4,0,2012-11-15 21:29:15,116.484,39.9526,0,104,1
453365,4,0,2012-11-15 21:29:20,116.456,39.9325,0,256,1
453365,4,0,2012-11-15 21:30:09,116.484,39.9526,0,104,1
453365,4,0,2012-11-15 21:30:15,116.456,39.9374,12,12,1
453365,4,0,2012-11-15 21:31:03,116.484,39.9526,0,104,1
453365,4,0,2012-11-15 21:31:59,116.484,39.9526,0,104,1
453365,4,0,2012-11-15 21:32:54,116.484,39.9526,0,104,1
453365,4,0,2012-11-15 21:33:49,116.484,39.9526,0,104,1
453365,4,0,2012-11-15 21:34:42,116.484,39.9526,0,104,1
453365,4,0,2012-11-15 21:35:37,116.484,39.9526,0,104,1
453365,4,0,2012-11-15 21:36:31,116.484,39.9526,0,104,1
453365,4,0,2012-11-15 21:37:24,116.484,39.9527,10,282,1
453365,4,0,2012-11-15 21:38:19,116.483,39.9556,32,336,1
453365,4,0,2012-11-15 21:39:52,116.479,39.9597,28,318,1
453365,4,0,2012-11-15 21:40:46,116.475,39.9625,36,310,1
453365,4,0,2012-11-15 21:41:41,116.471,39.9653,0,310,1
453365,1,1,2012-11-15 21:41:53,116.471,39.9653,0,310,1
453365,4,1,2012-11-15 21:42:38,116.471,39.9655,4,184,1
453365,4,1,2012-11-15 21:43:32,116.476,39.9616,52,130,1
453365,4,1,2012-11-15 21:44:26,116.481,39.9565,51,152,1
453365,4,1,2012-11-15 21:45:20,116.484,39.9501,49,176,1
453365,4,1,2012-11-15 21:46:15,116.484,39.9418,63,180,1
453365,4,1,2012-11-15 21:47:07,116.483,39.9359,49,178,1
453365,4,1,2012-11-15 21:48:00,116.483,39.9331,0,176,1
453365,4,1,2012-11-15 21:48:55,116.48,39.9325,47,268,1
453365,4,1,2012-11-15 21:49:49,116.479,39.9325,0,258,1
453365,4,1,2012-11-15 21:50:42,116.479,39.9325,0,242,1
453365,4,1,2012-11-15 21:51:35,116.479,39.9325,0,242,1
453365,4,1,2012-11-15 21:52:29,116.479,39.9325,0,242,1
453365,4,1,2012-11-15 21:53:23,116.479,39.9321,26,174,1
453365,4,1,2012-11-15 21:54:18,116.479,39.93,12,254,1
453365,4,1,2012-11-15 21:55:13,116.473,39.93,38,258,1
453365,4,1,2012-11-15 21:56:07,116.472,39.9283,45,180,1
453365,4,1,2012-11-15 21:57:02,116.472,39.923,26,182,1
453365,4,1,2012-11-15 21:57:55,116.472,39.9223,0,176,1
453365,4,1,2012-11-15 21:58:49,116.472,39.9223,0,176,1
453365,4,1,2012-11-15 21:59:42,116.472,39.9205,30,174,1
453365,4,1,2012-11-15 22:00:37,116.472,39.9178,30,180,1
453365,4,1,2012-11-15 22:01:32,116.472,39.9151,0,178,1
453365,4,1,2012-11-15 22:02:25,116.472,39.9151,0,178,1
453365,4,1,2012-11-15 22:03:19,116.472,39.915,12,168,1
453365,4,1,2012-11-15 22:04:14,116.471,39.9124,32,268,1
453365,4,1,2012-11-15 22:05:21,116.469,39.9123,30,260,1
453365,4,1,2012-11-15 22:05:25,116.469,39.9123,21,268,1
453365,4,1,2012-11-15 22:06:15,116.466,39.9123,30,274,1
453365,4,1,2012-11-15 22:07:08,116.46,39.9123,25,268,1
453365,4,1,2012-11-15 22:08:04,116.456,39.9135,43,358,1
453365,4,1,2012-11-15 22:08:58,116.456,39.919,54,0,1
453365,4,1,2012-11-15 22:09:52,116.456,39.926,45,358,1
453365,4,1,2012-11-15 22:10:46,116.456,39.9307,36,358,1
453365,4,1,2012-11-15 22:11:40,116.456,39.9342,23,358,1
453365,4,1,2012-11-15 22:12:34,116.456,39.9366,19,2,1
453365,4,1,2012-11-15 22:13:28,116.456,39.9391,21,0,1
453365,4,1,2012-11-15 22:14:25,116.456,39.9427,21,358,1
453365,4,1,2012-11-15 22:15:19,116.456,39.9454,32,0,1
453365,4,1,2012-11-15 22:16:14,116.456,39.9489,26,0,1
453365,4,1,2012-11-15 22:17:07,116.455,39.952,38,322,1
453365,4,1,2012-11-15 22:18:00,116.454,39.9532,0,42,1
453365,4,1,2012-11-15 22:18:54,116.454,39.953,0,148,1
453365,4,1,2012-11-15 22:19:48,116.451,39.951,23,220,1
453365,4,1,2012-11-15 22:20:41,116.447,39.9509,39,308,1
453365,0,0,2012-11-15 22:21:08,116.445,39.9523,0,320,1
453365,1,1,2012-11-15 22:22:28,116.444,39.9526,0,336,1
453365,4,1,2012-11-15 22:22:33,116.444,39.9526,4,350,1
453365,4,1,2012-11-15 22:23:23,116.447,39.9551,45,40,1
453365,4,0,2012-11-15 22:24:14,116.461,39.9581,25,308,1
453365,4,1,2012-11-15 22:24:16,116.449,39.9561,4,278,1
453365,4,1,2012-11-15 22:25:09,116.448,39.9568,8,308,1
453365,4,1,2012-11-15 22:26:03,116.447,39.9577,25,316,1
453365,4,1,2012-11-15 22:26:58,116.442,39.9606,32,310,1
453365,4,1,2012-11-15 22:27:51,116.441,39.9615,0,302,1
453365,4,1,2012-11-15 22:28:45,116.44,39.9625,34,316,1
453365,4,1,2012-11-15 22:29:40,116.434,39.9658,36,310,1
453365,4,1,2012-11-15 22:30:35,116.435,39.9687,21,42,1
453365,0,0,2012-11-15 22:30:51,116.435,39.969,0,64,1
453365,1,1,2012-11-15 22:32:33,116.437,39.9716,0,354,1
453365,4,1,2012-11-15 22:32:44,116.437,39.9719,15,330,1
453365,4,1,2012-11-15 22:33:34,116.438,39.9737,49,132,1
453365,4,1,2012-11-15 22:34:26,116.441,39.9715,12,132,1
453365,4,1,2012-11-15 22:35:20,116.445,39.9684,15,132,1
453365,4,1,2012-11-15 22:36:15,116.448,39.968,43,40,1
453365,4,1,2012-11-15 22:37:08,116.453,39.9717,39,52,1
453365,4,1,2012-11-15 22:38:01,116.457,39.9736,34,132,1
453365,4,1,2012-11-15 22:38:57,116.461,39.9705,25,220,1
453365,4,1,2012-11-15 22:39:52,116.464,39.9684,12,122,1
453365,4,1,2012-11-15 22:40:45,116.468,39.9667,28,134,1
453365,4,1,2012-11-15 22:41:39,116.466,39.9652,6,292,1
453365,4,1,2012-11-15 22:42:33,116.464,39.9659,0,292,1
453365,0,0,2012-11-15 22:42:37,116.464,39.9659,0,292,1
453365,4,0,2012-11-15 22:43:39,116.464,39.9659,0,108,1
453365,4,0,2012-11-15 22:44:32,116.464,39.9659,0,108,1
453365,4,0,2012-11-15 22:45:27,116.464,39.9659,0,236,1
453365,4,0,2012-11-15 22:47:00,116.464,39.9659,0,94,1
453365,4,0,2012-11-15 22:47:54,116.464,39.9659,0,138,1
453365,4,0,2012-11-15 22:48:47,116.466,39.9651,12,140,1
453365,4,0,2012-11-15 22:50:03,116.463,39.9612,38,218,1
453365,4,0,2012-11-15 22:50:58,116.458,39.9574,41,218,1
453365,4,0,2012-11-15 22:51:52,116.455,39.9539,15,246,1
453365,4,0,2012-11-15 22:53:30,116.452,39.9542,0,264,1
453365,4,0,2012-11-15 22:54:25,116.452,39.9542,0,264,1
453365,4,0,2012-11-15 22:55:19,116.452,39.9542,0,264,1
453365,4,0,2012-11-15 22:56:32,116.452,39.9542,0,264,1
453365,4,0,2012-11-15 22:57:27,116.452,39.9542,0,264,1
453365,4,0,2012-11-15 22:58:20,116.452,39.9542,0,264,1
453365,4,0,2012-11-15 23:00:14,116.452,39.9542,0,264,1
453365,4,0,2012-11-15 23:01:08,116.452,39.9542,0,264,1
453365,4,0,2012-11-15 23:02:02,116.452,39.9542,0,340,1
453365,4,0,2012-11-15 23:03:19,116.452,39.9542,0,340,1
453365,4,0,2012-11-15 23:04:14,116.452,39.9542,0,340,1
453365,4,0,2012-11-15 23:05:09,116.452,39.9542,0,340,1
453365,4,0,2012-11-15 23:06:21,116.452,39.9542,0,340,1
453365,4,0,2012-11-15 23:07:15,116.452,39.9542,0,340,1
453365,4,0,2012-11-15 23:08:10,116.452,39.9542,0,340,1
453365,4,0,2012-11-15 23:10:01,116.452,39.9542,0,340,1
453365,4,0,2012-11-15 23:10:56,116.452,39.9542,0,340,1
453365,4,0,2012-11-15 23:11:50,116.452,39.9542,0,340,1
453365,4,0,2012-11-15 23:13:13,116.452,39.9542,0,340,1
453365,4,0,2012-11-15 23:14:06,116.452,39.9542,0,244,1
453365,4,0,2012-11-15 23:15:01,116.452,39.9541,0,244,1
453365,4,0,2012-11-15 23:16:20,116.452,39.9541,0,212,1
453365,4,0,2012-11-15 23:17:13,116.452,39.9541,0,308,1
453365,4,0,2012-11-15 23:18:06,116.452,39.9541,0,308,1
453365,4,0,2012-11-15 23:19:22,116.452,39.9541,0,310,1
453365,4,0,2012-11-15 23:20:16,116.452,39.9541,0,310,1
453365,4,0,2012-11-15 23:21:11,116.452,39.9541,0,310,1
453365,4,0,2012-11-15 23:22:32,116.452,39.9541,0,310,1
453365,4,0,2012-11-15 23:23:26,116.452,39.9541,0,310,1
453365,4,0,2012-11-15 23:24:19,116.452,39.9541,0,310,1
453365,4,0,2012-11-15 23:25:36,116.452,39.9541,6,318,1
453365,4,0,2012-11-15 23:26:30,116.452,39.9541,0,54,1
453365,4,0,2012-11-15 23:27:26,116.452,39.9541,0,54,1
453365,4,0,2012-11-15 23:28:55,116.452,39.9541,0,54,1
453365,4,0,2012-11-15 23:29:51,116.452,39.9541,0,54,1
453365,4,0,2012-11-15 23:30:46,116.452,39.9541,0,54,1
453365,4,0,2012-11-15 23:32:09,116.452,39.9541,0,54,1
453365,4,0,2012-11-15 23:33:02,116.452,39.9541,0,54,1
453365,4,0,2012-11-15 23:33:57,116.452,39.9541,0,54,1
453365,4,0,2012-11-15 23:35:12,116.452,39.9541,0,54,1
453365,4,0,2012-11-15 23:36:06,116.452,39.9541,0,54,1
453365,4,0,2012-11-15 23:36:59,116.452,39.9541,0,54,1
453365,4,0,2012-11-15 23:38:19,116.452,39.9541,0,54,1
453365,4,0,2012-11-15 23:39:13,116.452,39.9541,0,54,1
453365,4,0,2012-11-15 23:40:06,116.452,39.9541,0,54,1
453365,4,0,2012-11-15 23:41:41,116.452,39.9541,0,54,1
453365,4,0,2012-11-15 23:42:35,116.452,39.9541,0,54,1
453365,4,0,2012-11-15 23:43:29,116.452,39.9541,0,54,1
453365,4,0,2012-11-15 23:44:57,116.452,39.9541,0,54,1
453365,4,0,2012-11-15 23:45:51,116.452,39.9541,0,54,1
453365,4,0,2012-11-15 23:46:13,116.464,39.9322,0,98,1
453365,4,0,2012-11-15 23:46:45,116.452,39.9541,0,350,1
453365,4,0,2012-11-15 23:47:38,116.452,39.9541,0,350,1
453365,4,0,2012-11-15 23:48:58,116.452,39.9541,0,350,1
453365,4,0,2012-11-15 23:49:53,116.452,39.9541,0,350,1
453365,4,0,2012-11-15 23:50:46,116.452,39.9541,0,80,1
453365,4,0,2012-11-15 23:51:40,116.452,39.9541,0,80,1
453365,4,0,2012-11-15 23:52:34,116.452,39.9541,0,80,1
453365,4,0,2012-11-15 23:53:28,116.452,39.9541,0,80,1
453365,4,0,2012-11-15 23:54:22,116.452,39.9541,0,80,1
453365,4,0,2012-11-15 23:55:15,116.452,39.9541,0,80,1
453365,4,0,2012-11-15 23:56:10,116.452,39.9541,0,80,1
453365,4,0,2012-11-15 23:57:05,116.452,39.9541,0,80,1
453365,4,0,2012-11-15 23:57:58,116.452,39.9541,0,80,1
453365,4,0,2012-11-15 23:58:52,116.452,39.9541,0,80,1
453365,4,0,2012-11-15 23:59:48,116.452,39.9541,0,80,1
